0.0000000000,1.5000000000
0.0000000000,1.5000000000
0.0000000000,1.5000000000
0.0000000000,1.5000000000
0.1814421061,7.5328398697
0.4326705039,0.6532356739
0.4323766828,0.6543225050
0.4526927471,0.6374642849
0.4572225809,0.6375628710
0.4828124642,0.6206903458
0.5037397146,0.6008218527
0.5213224888,0.5862083435
0.5447635055,0.5625864267
0.4794394374,0.5265314579
0.5194194913,0.4864089787
0.5351133347,0.4722318947
0.5566467047,0.4518101513
0.5920924544,0.4200835228
0.6446636319,0.3650645614
0.6651897430,0.3410364687
0.7134567499,0.2991883457
0.7610241175,0.2551499009
0.8111741543,0.2063390464
0.8897890449,0.1384531856
0.9396830797,0.0966234878
0.9535613656,0.0610101521
0.9309506416,0.0128182946
0.8852756023,-0.0308850780
1.0743131638,-0.0651679710
1.0255485773,-0.1431065202
0.9565364718,-0.2197853029
0.8996096253,-0.2745643556
0.8490789533,-0.3320956528
0.8148068190,-0.3749234974
0.7878921032,-0.4049416482
0.8377563357,-0.3552196026
0.7804686427,-0.4089759290
0.7495233417,-0.4422618747
0.7528109550,-0.4363689125
0.7438701391,-0.4472405314
0.7329152822,-0.4605385959
0.7632344365,-0.4297445416
0.6442807317,-0.2797717750
0.7018549442,-0.3031002283
0.7025377750,-0.3142233491
0.6748701930,-0.2690128088
0.7377665639,-0.2247163653
0.6980904341,-0.3114265501
0.7078814507,-0.2860930562
0.7315835357,-0.2416413277
0.7591589689,-0.2228796035
0.7629328370,-0.1888186485
0.7826607823,-0.1858584583
0.7769066095,-0.1890698969
0.7802772522,-0.1608855277
0.7604747415,-0.1347742528
0.8097756505,-0.1400665641
0.8414665461,-0.1136260107
0.8547477126,-0.0831426159
0.8520122170,-0.0391252376
0.8783008456,-0.0348248631
0.8854471445,-0.0147192264
0.8784177303,0.0319607481
0.8361124992,0.0330108516
0.8740208745,0.0138640571
0.8756647110,0.0514956191
0.8598898053,0.0835194737
0.7941983342,0.0864590332
0.8033288121,0.0656930506
0.8325513005,0.1048773527
0.8101280332,0.1135709435
0.8209237456,0.0969453529
0.8114367723,0.1194562390
0.8391091228,0.0956232473
0.8496246934,0.0815223455
0.8249077201,0.1190605164
0.8206650019,0.0977596119
0.8203804493,0.1189152151
0.8146892786,0.1232026219
0.8117583990,0.1025886089
0.8071331382,0.1209790334
0.8155191541,0.1078728810
0.8156247139,0.1310908347
0.8387836814,0.1030572355
0.7877818942,0.1388676018
0.8327951431,0.1301297098
0.8138918877,0.1213357151
0.8077640533,0.1200658232
0.8233585358,0.1224246621
0.7954421043,0.1171783581
0.7920275927,0.1127366275
0.8423596621,0.0924690217
0.8211460710,0.1034307480
0.8229492307,0.1281173527
0.8124504685,0.0970882028
0.8613371253,0.0988485217
0.8289554715,0.0722009093
0.8550875187,0.0678444579
0.8714748025,0.0501273535
0.8610256910,0.0151055362
0.8320873380,0.0167854261
0.8904842734,0.0285733547
0.8812726736,0.0354823172
0.8260881305,0.0275110099
0.9057071805,-0.0132121202
0.8892489672,0.0174535420
0.8998602629,-0.0108348103
0.8470649719,-0.0254962426
0.8517321944,-0.0253281444
0.8646367788,-0.0229061358
0.8748999238,-0.0093738157
0.8840985298,-0.0271229651
0.8550238609,-0.0272106454
0.8227015734,-0.0420099124
0.8555186987,-0.0281970557
0.8592380881,-0.0399819314
0.8316639066,-0.0445277877
0.8582171798,-0.0352655798
0.8515857458,-0.0277035497
0.8580440879,-0.0742034763
0.8437612653,-0.0616038553
0.8521787524,-0.0740509629
0.8519473076,-0.0591093823
0.8777277470,-0.0467899777
0.8429768682,-0.0570797697
0.8295276165,-0.0862822756
0.8570321202,-0.0702320859
0.8750297427,-0.0351413861
0.8802738786,-0.0404306129
0.8147438169,-0.0496354438
0.8293396235,-0.0354249813
0.8420163989,-0.0593401939
0.8571608067,-0.0448036306
0.8651789427,-0.0702853650
0.8810790181,-0.0699666068
0.8451370597,-0.0286290832
0.8217490911,-0.0272259824
0.8791167736,-0.0358688869
0.8740256429,-0.0322562866
0.8216845989,-0.0696356073
0.8724179864,-0.0500025712
0.8674474359,-0.0756394118
0.8728891015,-0.0702089071
0.8785548806,-0.0382290110
0.8611640334,-0.0609487519
0.8617712259,-0.0364905968
0.8291465044,-0.0597175695
0.8732550740,-0.0497487187
0.8765474558,-0.0600324422
0.8747960925,-0.0151895946
0.8643495440,-0.0623299256
0.8790513277,-0.0501576923
0.8702076077,-0.0181110706
0.8609491587,-0.0694312304
0.8646875620,-0.0300963130
0.8484389782,-0.0384716392
0.8748098016,-0.0483419783
0.8772913218,-0.0331061631
0.8696609139,-0.0443952307
0.8574131727,-0.0413009562
0.8636785746,-0.0274894517
0.8596892953,-0.0128882835
0.8711475730,0.0040404913
0.8823744655,-0.0271363240
0.8861259818,0.0032835538
0.8423945308,-0.0133581087
0.8861139417,-0.0103517361
0.8639293909,-0.0374189168
0.8882381320,-0.0117424922
0.8919190168,-0.0015646596
0.8793492913,0.0132897338
0.8582010269,-0.0259846766
0.8822826147,-0.0132993422
0.8609158397,-0.0099891433
0.8916395307,-0.0156545267
0.8555266261,-0.0109704314
0.8858238459,0.0075825211
0.8904017806,0.0039802575
0.8523216248,-0.0025900807
0.8584743738,-0.0014086748
0.8652457595,-0.0210172329
0.8965898156,-0.0067302943
0.8965313435,-0.0082477443
0.8900635839,-0.0083724754
0.8663254976,-0.0005295228
0.8882501721,0.0016410464
0.8865003586,0.0222382173
0.8616539836,0.0130189322
0.8852657080,0.0314443409
0.8648524880,0.0205536634
0.8812220693,0.0456367619
0.8795198202,0.0376794636
0.8687916398,0.0181626212
0.8717985749,0.0480362140
0.8762053251,0.0473184735
0.8587604165,0.0374139659
0.8585224152,0.0393782593
0.8562564850,0.0358943939
0.8321725726,0.0156930964
0.8864628077,0.0309406277
0.8553171754,0.0024049780
0.8819997311,0.0363306068
0.8537399173,0.0377957933
0.8864555955,0.0401521325
0.8851493001,0.0387924016
0.8486342430,-0.0059865518
0.8924251199,-0.0109892171
0.8882213235,0.0206980072
0.8519228101,0.0359505937
0.8777386546,0.0316687077
0.8681044579,0.0582235269
0.8585897684,0.0341532789
0.8512253165,0.0279302932
0.8415166736,0.0530968830
0.8085319400,0.0335141495
0.8263113499,0.0303625818
0.8521822095,0.0461256877
0.8758612871,0.0313929468
0.8581767678,0.0253355410
0.8720081449,0.0432113111
0.8276044726,0.0384944826
0.8614453077,0.0582369156
0.8650444150,0.0184121951
0.8720927835,-0.0159930084
0.8721477985,0.0193938669
0.8915772438,0.0173915997
0.8828184605,0.0195805244
0.8888604045,0.0053285952
0.8964247704,-0.0040395479
0.8719318509,0.0005978253
0.8486863971,0.0026433202
0.8978514075,0.0111280875
0.8722617626,-0.0207884125
0.8589385748,-0.0311205145
0.8673410416,0.0064849220
0.8894520402,0.0208790079
0.8448114991,0.0349637866
0.8869963288,0.0104507813
0.8867107034,0.0043943673
0.8819361329,0.0108072199
0.8394801021,0.0482260250
0.8825411797,0.0168098658
0.8651002645,-0.0051102233
0.8610171676,0.0098919915
0.8934056163,0.0045184828
0.8731816411,0.0064655226
0.8882520795,-0.0014778503
0.8748896718,-0.0038405817
0.8864236474,-0.0014063488
0.8729205728,-0.0265302863
0.8538230658,-0.0021242939
0.8528090119,-0.0287958514
0.8821203113,0.0008296685
0.8300369978,-0.0357850678
0.8768664598,-0.0024201816
0.8804653287,0.0071697067
0.8667694330,-0.0065970658
0.8697899580,-0.0368423015
0.8616884947,-0.0247496758
0.8828401566,-0.0263471585
0.8887780905,-0.0154186655
0.8272438049,-0.0302123316
0.8728619814,0.0068109804
0.8435903788,-0.0348312408
0.8722283840,-0.0337033197
0.8945197463,-0.0116529716
0.8437302709,-0.0370658934
0.8371325731,0.0003987295
0.8623964787,-0.0319239907
0.8640564084,-0.0291712862
0.8741147518,-0.0030286161
0.8769688010,-0.0090150107
0.8528047800,-0.0063741487
0.8764210939,-0.0048529981
0.8861015439,-0.0340894647
0.8466677070,-0.0097572561
0.8755433559,-0.0422409363
0.8667573333,0.0090080276
0.8883445263,-0.0331005827
0.8715143204,-0.0301567931
0.8778920174,0.0013739498
0.8654099703,-0.0512402803
0.8304544091,-0.0360850655
0.8571649194,-0.0337702483
0.8821672201,-0.0196962971
0.8634057641,-0.0223328210
0.8931556344,-0.0056672026
0.8656207919,-0.0280485824
0.7889182568,-0.0119830724
0.8844190240,0.0026891916
0.8696856499,-0.0019261639
0.8640106916,0.0227885880
0.8617376685,-0.0082597854
0.8515546918,-0.0122364955
0.8606873751,-0.0262401011
0.8826475739,-0.0055399449
0.8660210371,-0.0019470018
0.8644855618,-0.0340308137
0.8843905926,-0.0189043060
0.8818413019,-0.0240439381
0.8752949834,-0.0018477866
0.8867933154,-0.0207100660
0.8905252218,-0.0181398187
0.8738301992,-0.0405984595
0.8813678026,-0.0106531689
0.8413981199,-0.0355972834
0.8450282216,-0.0079980725
0.8513858318,-0.0262622908
0.8839637041,-0.0242185295
0.8814579248,-0.0282783676
0.8731328845,0.0097938310
0.8649890423,-0.0095359255
0.8937208056,0.0223357026
0.8588814735,-0.0189926885
0.8655506968,0.0063551432
0.8648526073,0.0373377129
0.8737942576,-0.0042503704
0.8422137499,-0.0222209822
0.8582962751,0.0136807114
0.8813828826,0.0164509304
0.8957067132,0.0044107544
0.8891922832,0.0115997391
0.8558136225,-0.0212210268
0.8967497349,-0.0048897611
0.8483515978,-0.0011498848
0.8736653328,-0.0033624105
0.8651527762,-0.0239544474
0.8850690722,0.0073837070
0.8798263073,0.0091167018
0.8676731586,0.0023202884
0.8849017620,0.0066768695
0.8972473741,-0.0138255078
0.8735384345,-0.0018448813
0.8821228743,-0.0353908315
0.8691286445,-0.0059502511
0.8535828590,0.0190038104
0.8818067312,0.0301628150
0.8948898315,0.0068766405
0.8917551637,0.0096144862
0.8851508498,0.0208369978
0.8757480979,0.0460327640
0.8382050395,0.0283074975
0.8689979911,0.0138231823
0.8731184006,0.0096369768
0.8631014228,-0.0017331906
0.8866829872,0.0287707895
0.8735731840,0.0318622142
0.8828643560,0.0339662507
0.8471167088,0.0293153543
0.8926352859,0.0158573706
0.8845612407,-0.0017665159
0.8855971098,0.0014744580
0.8964623809,0.0157954954
0.8914785981,0.0143049601
0.8553837538,0.0136691369
0.8876070380,-0.0196896940
0.8262796402,0.0057320162
0.8865205646,0.0177337602
0.8678604960,0.0073160748
0.8829276562,0.0238985661
0.8632050753,0.0054394803
0.8856658936,0.0356406569
0.8629090190,0.0211618412
0.8837258220,0.0303764325
0.8574985862,0.0429089032
0.8436715603,0.0082057947
0.8523202538,0.0390941650
0.8824410439,0.0285330974
0.8765166998,0.0352987908
0.8843812943,0.0286818799
0.8640863299,0.0126044480
0.8793885708,0.0349463485
0.8575046062,0.0241706856
0.8637538552,0.0180629324
0.8695862889,0.0339944474
0.8882830143,0.0176603906
0.8757653832,0.0252258144
0.8725638390,0.0382400826
0.8863320351,0.0268123019
0.8746144176,-0.0110492203
0.8840554357,0.0007444170
0.8824915886,-0.0054666535
0.8414535522,-0.0071204728
0.8565101624,-0.0237977821
0.8681110144,-0.0039962702
0.8724811673,-0.0161890909
0.8691025972,0.0345706046
0.8153193593,-0.0057028895
0.8753463626,0.0336520486
0.8756049871,0.0291941818
0.8561646342,0.0453147553
0.8501191139,0.0405304432
0.8815829754,0.0240236521
0.8769550920,0.0438932739
0.8873568773,0.0217779893
0.8849869967,0.0056601320
0.8794069886,0.0324395187
0.8414834142,0.0288415644
0.8922109008,0.0165684763
0.8847289681,0.0282217152
0.8885467649,0.0235489681
0.8652712107,-0.0080537349
0.8973860145,0.0052754818
0.8791372776,-0.0087424088
0.9002736211,-0.0021909897
0.8561291695,-0.0183192473
0.8693954349,0.0074507920
0.8910787106,0.0085312324
0.8572104573,-0.0169828497
0.8759596348,-0.0249312669
0.8714965582,0.0136718340
0.8910431266,0.0180156250
0.8666263819,0.0044378163
0.8751679063,-0.0123623293
0.8965132236,0.0033664482
0.8870716691,0.0163332075
0.8812812567,-0.0031283228
0.8914695978,0.0007411884
0.8484461308,-0.0289944876
0.8725993633,-0.0057275794
0.8892729282,0.0037907157
0.8287106156,-0.0302197747
0.8964416385,0.0064611146
0.8669577837,-0.0199217126
0.8759033680,-0.0208257399
0.8883843422,-0.0068740440
0.8936725259,-0.0013015132
0.8481131792,-0.0185415074
0.8527514935,-0.0140338568
0.8836455345,0.0090371277
0.8927673101,-0.0303840376
0.8898217678,-0.0174833499
0.8584567904,-0.0247158762
0.8511655927,0.0050301910
0.8182761073,-0.0230187662
0.8849444389,0.0159847718
0.8845342398,0.0183927063
0.8884155750,0.0250227936
0.8759722710,0.0003425622
0.8980287313,0.0010092094
0.8917724490,0.0172205325
0.8563393354,0.0255662557
0.8903405666,0.0060314215
0.8678213358,-0.0076001757
0.8884176612,-0.0051886085
0.8718170524,0.0191330146
0.8950871229,0.0011937740
0.8846586943,-0.0038198463
0.8882937431,-0.0021001045
0.8743363619,-0.0008763981
0.8678136468,-0.0049404767
0.8792237639,0.0040719262
0.8651338220,-0.0125275105
0.8824174404,0.0225667898
0.8508872390,-0.0324421227
0.8275005817,-0.0045038452
0.8972164392,-0.0031668469
0.8933488131,0.0127903707
0.8936083913,-0.0178664699
0.8812459707,0.0062861396
0.8942342401,-0.0072748312
0.8452477455,-0.0067432686
0.8875131011,0.0059497743
0.8435075879,-0.0151792942
0.8836127520,-0.0002045560
0.8943679929,0.0157007743
0.8671606779,0.0123490784
0.8709382415,-0.0166874677
0.8853892088,-0.0063662883
0.8751957417,0.0022294838
0.8603403568,-0.0006718281
0.8718168736,0.0050773285
0.8457306027,0.0297372807
0.8630945086,0.0162770022
0.8739496469,0.0299991816
0.8664572239,-0.0123832123
0.8462179303,-0.0023450463
0.8921637535,0.0237885024
0.8680763245,0.0272084810
0.8854891658,0.0085274912
0.8721013069,0.0023494894
0.8728527427,0.0235251710
0.8683642745,-0.0188887678
0.8902193904,-0.0179843493
0.8536390662,-0.0054072440
0.8625764847,0.0060219988
0.8972412348,0.0124889668
0.8515996933,-0.0072200578
0.8295960426,0.0063187722
0.8876294494,0.0219245031
0.8945344687,0.0066288793
0.8331959248,0.0203804281
0.8212993145,0.0329888277
0.8712979555,-0.0025640433
0.8645929694,0.0512081683
0.8863178492,0.0245795269
0.8694246411,0.0100139491
0.8628455997,0.0285082590
0.8557606339,0.0141469380
0.8643475771,0.0139824059
0.8748003244,-0.0110232485
0.8842505217,0.0155135887
0.8733006716,-0.0109248487
0.8969659209,-0.0025064233
0.8254008293,0.0077092070
0.8429501653,0.0319835246
0.8944573998,-0.0070861569
0.8474667072,0.0065012397
0.8239960074,-0.0189271048
0.8825376630,0.0018287560
0.8744140863,0.0153089222
0.8946595788,0.0104064178
0.8841619492,0.0156060522
0.8947545290,0.0184235293
0.8875057101,0.0182600580
0.8528597951,0.0355443545
0.8671094179,0.0133518288
0.8539124727,0.0220361073
0.8606762886,0.0156982001
0.8790922761,0.0306759439
0.8626671433,0.0066770408
0.8700626493,0.0214353409
0.8840406537,0.0038560727
0.8839980364,0.0037888256
0.8699021935,0.0093473867
0.8559637070,0.0112400120
0.8890474439,-0.0059572132
0.8751027584,-0.0280717816
0.8896220922,-0.0192017909
0.8379661441,-0.0074464823
0.8786596656,-0.0091227535
0.8941760063,-0.0087847048
0.8850933909,-0.0137593625
0.8743464351,-0.0308161005
0.8598362803,-0.0253943894
0.8553831577,-0.0170099922
0.8591725826,-0.0068627703
0.8611068726,0.0152173564
0.8974878192,0.0021911992
0.8292390704,-0.0438132621
0.8698900342,-0.0005163829
0.8818854094,0.0274817944
0.8928279281,0.0074775624
0.8874472380,-0.0176214967
0.8880061507,-0.0029014451
0.8870791793,-0.0131124174
0.8931289315,-0.0017551227
0.8674745560,0.0023047535
0.8634994626,-0.0165857002
0.8618272543,-0.0247951783
0.8849769235,-0.0184409395
0.8874182105,-0.0199449100
0.8843313456,-0.0294808112
0.8507938385,-0.0291504934
0.8700988293,-0.0435522906
0.8847404718,-0.0046059033
0.8745966554,-0.0120482678
0.8749362230,-0.0404719487
0.8718247414,-0.0124622807
0.8628808856,-0.0213953350
0.8753671050,-0.0128494641
0.8889553547,-0.0124411285
0.8431571126,0.0048944056
0.8964714408,0.0002267795
0.8568248153,-0.0263847318
0.8772174716,-0.0136231631
0.8753308058,0.0273539685
0.8665906787,-0.0106151551
0.8919405937,-0.0081425533
0.8408753872,-0.0191205107
0.8930772543,-0.0045301174
0.8459942341,-0.0183703229
0.8784254789,0.0034406295
0.8557964563,-0.0303641185
0.8513860106,0.0100356517
0.8804699183,0.0082326988
0.8639729619,0.0013558243
0.8854910135,0.0012457457
0.8860689402,-0.0266871843
0.8908652663,-0.0233915299
0.8806293607,0.0252242368
0.8970090747,0.0000800313
0.8888658285,-0.0175600722
0.8672142029,-0.0353557020
0.8817663789,-0.0050186794
0.8523936272,-0.0416037813
0.8957340717,-0.0021126652
0.8586298823,0.0053226366
0.8636781573,0.0014151295
0.8849350810,0.0064946059
0.8836043477,0.0082713915
0.8651686311,0.0452151522
0.8621301651,0.0242533758
0.8873531222,0.0067677195
0.8310683370,0.0029234230
0.8883095384,0.0106622502
0.8637583256,0.0314425416
0.8270574808,0.0173892323
0.8856582642,0.0240385383
0.8877524734,0.0082299635
0.8595796227,-0.0007036612
0.8713821173,0.0041642548
0.8739872575,-0.0002881501
0.9000810385,0.0023432400
0.8863629103,0.0134917712
0.8932020068,0.0181642082
0.8937590122,-0.0015461918
0.8782010078,0.0114992633
0.9022022486,-0.0081392247
0.8917938471,0.0166755617
0.8944914341,-0.0004031647
0.8840949535,0.0277369767
0.8756217957,0.0100168148
0.8610342741,0.0143840313
0.8756998777,0.0539081059
0.8637184501,0.0333449468
0.8477140665,0.0489814170
0.8713318110,0.0339984372
0.8729045987,0.0067401552
0.8333173990,0.0134107852
0.8504841924,0.0313717276
0.8895263672,0.0160172600
0.8869355321,0.0214622971
0.8573999405,0.0119269490
0.8789086342,0.0376531482
0.8905481696,0.0134362634
0.8859614134,0.0146633228
0.8734118938,0.0060024750
0.8690443039,0.0015931153
0.8626832366,0.0071295071
0.8743544221,0.0038280212
0.8772256374,0.0195164829
0.8515325189,0.0151093565
0.8966484070,0.0004644101
0.8865888715,0.0004004338
0.8683907390,-0.0154871522
0.8624892235,0.0004213009
0.8671218753,0.0163893960
0.8589525223,0.0205913521
0.8665093184,0.0376968235
0.8450222015,0.0069984160
0.8636980057,0.0666885003
0.8303163648,0.0186709892
0.8608673811,-0.0002733512
0.8883010745,0.0300814416
0.8804930449,0.0168358441
0.8804348707,0.0254397914
0.8823946714,0.0235167015
0.8697686195,0.0074371928
0.8917662501,0.0027223572
0.8804365396,0.0100666964
0.8837121129,-0.0016520310
0.8921545744,-0.0246004220
0.8475114703,0.0267334208
0.8933131695,-0.0131557900
0.8600348830,-0.0086333174
0.8926785588,-0.0129434625
0.8340756297,-0.0314479135
0.8512944579,-0.0315837227
0.8764497042,0.0149554620
0.8649680614,0.0032327382
0.8503475189,0.0187784471
0.8876744509,0.0147644486
0.8875285983,-0.0069996770
0.8577741981,0.0113744242
0.8654372692,0.0040447586
0.8377642632,0.0241866000
0.8692636490,0.0297162589
0.8682116270,-0.0210528001
0.8587355018,-0.0159045793
0.8878489137,-0.0008793766
0.8854756951,0.0107855201
0.8912668228,0.0078310268
0.8904120326,-0.0122412806
0.8731793761,-0.0401902534
0.8821792603,0.0187431462
0.8832304478,0.0072902748
0.8894311190,-0.0170941688
0.8831731081,-0.0144102741
0.8853245378,-0.0184210930
0.8651155829,-0.0152069377
0.8526483178,-0.0220891330
0.8863377571,-0.0309875458
0.8604295850,-0.0145422118
0.8928542137,-0.0191045664
0.8314067125,-0.0023390499
0.8688273430,-0.0097483685
0.8887899518,0.0039920965
0.8620300293,-0.0421158336
0.8834854364,-0.0099364221
0.8487321734,0.0050839554
0.8899407983,-0.0029757437
0.8420459628,0.0032507589
0.8165332675,-0.0128998701
0.8839829564,0.0040766411
0.8638856411,0.0148084294
0.8783873320,0.0029689679
0.8431791067,0.0099472906
0.8760750890,-0.0221207179
0.8828766942,-0.0256803539
0.8726027012,-0.0250307191
0.8871824741,-0.0358775631
0.8460929990,-0.0422612503
0.8644152284,-0.0238780994
0.8588346243,-0.0255401433
0.8610714674,-0.0394461900
0.8905557394,-0.0217428785
0.8627257943,-0.0514174066
0.8772849441,-0.0406712554
0.8871839046,-0.0367385745
0.8750993609,-0.0105902543
0.8698880076,-0.0211074557
0.8748013377,-0.0211092327
0.8809602857,0.0138682853
0.8685192466,-0.0253774226
0.8501908779,0.0016621007
0.8949444890,-0.0019157099
0.8562202454,-0.0289710108
0.8461320400,-0.0390866660
0.8681760430,-0.0109730596
0.8665646315,0.0115083046
0.8906158805,-0.0090275938
0.8880649209,-0.0206315070
0.8650107384,-0.0284278486
0.8858237267,-0.0159179904
0.8386875391,-0.0387231149
0.8822194338,0.0006425321
0.8723906875,0.0007207455
0.8936649561,-0.0157378726
0.8819640875,-0.0050817351
0.8915529251,-0.0103178499
0.8979929090,-0.0042829127
0.8971630931,-0.0163748339
0.8654518127,0.0009416549
0.8732388616,-0.0097738756
0.8882481456,-0.0255625192
0.8685624003,0.0063518663
0.8501241207,-0.0165660772
0.8616084456,-0.0166263636
0.8935598135,-0.0085396320
0.8791707754,0.0288337357
0.8568549752,0.0215819441
0.8707319498,0.0014564334
0.8941341043,0.0172411241
0.8874654770,0.0211695600
0.8891415596,0.0190669894
0.8585163355,0.0173329841
0.8917458057,0.0352763832
0.8726833463,-0.0037238079
0.8755633831,-0.0108288564
0.8914419413,0.0085451286
0.8910340667,0.0251313504
0.8814072013,0.0127280559
0.8609176874,-0.0151731968
0.8648657799,0.0083632516
0.8616851568,0.0073452005
0.8780934811,-0.0016838727
0.8965295553,0.0055249194
0.8969493508,-0.0122175068
0.8711897731,0.0281827636
0.8491671085,-0.0243364275
0.8626244068,0.0140489982
0.8873476386,0.0267499108
0.8912842274,0.0171505287
0.8568680286,0.0157353189
0.8528141975,0.0205613300
0.8652911186,0.0286834557
0.8527293801,0.0264309403
0.8835334182,0.0228329767
0.8623064160,0.0081431558
0.8268414140,-0.0020958562
0.8758115172,0.0364635698
0.8583462834,0.0062370813
0.8881739974,0.0160508081
0.8523621559,0.0078828679
0.8869594932,0.0250395294
0.8866337538,0.0164264347
0.8625350595,0.0081406869
0.8970155120,0.0169068724
0.8460898399,-0.0080385162
0.8889679313,0.0080223549
0.8967160583,0.0088472785
0.8932086229,0.0145429205
0.8894564509,-0.0019593018
0.8787118196,-0.0248899981
0.8600656390,-0.0341743082
0.8876432180,0.0086121513
0.8638197780,0.0171098541
0.8710741401,0.0151964324
0.8819942474,0.0230391789
0.8596684337,0.0318673290
0.8672412634,0.0187023506
0.8673449159,0.0518067218
0.8849296570,0.0313361213
0.8790130019,0.0246061105
0.8206681013,0.0171904787
0.8574209809,0.0309942607
0.8836740851,0.0277909823
0.8560429811,0.0344577506
0.8525093198,0.0084984852
0.8520838022,0.0062305611
0.8489217758,0.0182447899
0.8678907752,-0.0005521103
0.8888968825,0.0158539061
0.8641581535,0.0497529805
0.8858907819,0.0067741270
0.8876559734,-0.0017609070
0.8808723092,-0.0164654776
0.8652579784,-0.0098025324
0.8619772792,0.0085536363
0.8349825740,-0.0191856287
0.8909475803,-0.0025733076
0.8749268651,0.0139669748
0.8753638864,0.0004088236
0.8874577284,0.0209742058
0.8871525526,0.0308872070
0.8872888684,0.0211743470
0.8616814017,0.0553935058
0.8258865476,0.0058714962
0.8862914443,0.0145148318
0.8850583434,0.0168227609
0.8370414376,0.0176088139
0.8871621490,0.0227746796
0.8936331272,0.0169582181
0.8764778972,0.0192903932
0.8447819352,0.0037109226
0.8716996908,-0.0185976960
0.8918380141,0.0037625793
0.8661364317,0.0052491394
0.8688662052,-0.0216950756
0.8432788849,-0.0248111263
0.8947693706,0.0130815981
0.8900717497,-0.0103982752
0.8412471414,-0.0161925443
0.8935087323,-0.0219986625
0.8800953627,-0.0244253352
0.8844533563,-0.0032052514
0.8674467802,-0.0098569738
0.8593645692,0.0147052929
0.8793678284,0.0079740379
0.8637608290,-0.0073080081
0.8746340871,-0.0056167413
0.8419759870,0.0177271515
0.8881910443,0.0114954934
0.8636794090,-0.0055457731
0.8523670435,0.0133722275
0.8923614621,0.0207653977
0.8377174735,-0.0134658264
0.8929460049,0.0004752211
0.8885573149,-0.0129784811
0.8788351417,0.0123656932
0.8795978427,0.0034019060
0.8775919080,0.0048409482
0.8761669397,-0.0144456010
0.8419905305,-0.0201355070
0.8179488778,-0.0096929017
0.8925579786,-0.0107662482
0.8074524999,-0.0000923107
0.8417910337,-0.0364966393
0.8040355444,-0.0539489426
0.8657063246,-0.0036340891
0.8577173352,-0.0249280836
0.8920365572,-0.0036443938
0.8897129893,0.0157403983
0.8447452784,0.0152908312
0.8384951353,0.0086214179
0.8344026804,-0.0085928785
0.8569891453,0.0270507596
0.8888027668,0.0230868999
0.8683948517,0.0167004783
0.8882850409,0.0169237498
0.8765379190,0.0269205309
0.8866007328,-0.0047416566
0.8635401130,0.0060690297
0.8640415072,-0.0188794117
0.8697884083,0.0199589003
0.8073037267,0.0252089910
0.8847632408,0.0108327726
0.8920900822,0.0080218138
0.8581311107,0.0012810217
0.8507822156,-0.0065552108
0.8673399687,-0.0049227290
0.8979356885,-0.0055941073
0.8743003607,-0.0152623672
0.8814766407,-0.0158039257
0.8612900376,-0.0244955420
0.8565990329,-0.0121676680
0.8743909001,-0.0201386046
0.8905165792,0.0047204574
0.8506650329,-0.0145101892
0.7809939384,0.0148259699
0.8809643388,0.0226727836
0.8654435277,0.0528406389
0.8433381915,0.0252749715
0.8419457078,0.0161220431
0.8731687665,0.0064587025
0.8614300489,0.0243793763
0.8629825115,0.0128765618
0.8491535783,0.0578904077
0.8560987115,-0.0350859910
0.8404845595,-0.0093574384
0.8888803720,0.0004727019
0.8837428093,0.0105010979
0.8865408301,0.0177885611
0.8845157027,0.0157199837
0.8844561577,0.0101117035
0.8316008449,-0.0032333585
0.8967592120,-0.0091638109
0.8961200714,-0.0010872264
0.8787656426,-0.0267731082
0.8564798236,-0.0113427090
0.8375384808,-0.0235954188
0.8847609758,-0.0041238419
0.8524617553,0.0011878142
0.8645028472,-0.0079217283
0.8879083395,-0.0070059639
0.8643170595,0.0440815575
0.8560690284,0.0246100221
0.8821663260,0.0300883148
0.8487714529,-0.0122453840
0.8623601198,-0.0122986985
0.8741815090,-0.0024795658
0.8554710150,0.0438758023
0.8705412745,-0.0055188644
0.8770489097,0.0344387777
0.8228995204,0.0070515834
0.8914754391,0.0114073399
0.8761624098,0.0058312477
0.8405213356,-0.0361864455
0.8844199181,0.0195744038
0.8844620585,0.0201395452
0.8643468618,-0.0043897456
0.8739200830,0.0046248520
0.8726185560,0.0106503451
0.8790382743,-0.0077719074
0.8643338680,-0.0094030295
0.8615795970,-0.0166194085
0.8522980809,-0.0318939537
0.8867372870,0.0071096350
0.8773714900,0.0354876183
0.8383547068,0.0452614054
0.8563093543,0.0254281797
0.8703308105,0.0341345444
0.8624813557,0.0234216787
0.8859046102,0.0310063735
0.8879776597,-0.0085397791
0.8833323121,-0.0000103317
0.8882795572,0.0054801661
0.8840202093,0.0159374196
0.8844091892,0.0155459046
0.8584259152,-0.0042109638
0.8467001915,0.0052888445
0.8841542602,-0.0101509420
0.8867399693,-0.0150289806
0.8812012672,0.0020322653
0.8880919814,-0.0074638771
0.8684465289,-0.0182690620
0.8900162578,0.0152695766
0.8886257410,-0.0265582372
0.8542792797,-0.0178422183
0.8843303323,-0.0255735293
0.8527289629,-0.0252375081
0.8596635461,-0.0130873127
0.8971714377,-0.0022145836
0.8560557365,-0.0232786350
0.8661128283,0.0002289359
0.8568891883,0.0155686364
0.8946148157,0.0017607772
0.8442611098,0.0307533778
0.8623809218,-0.0030504121
0.8465400934,-0.0276750699
0.8945072889,-0.0006253351
0.8933736086,0.0024041499
0.8954482079,0.0051418673
0.8811972737,0.0143358028
0.8678628802,-0.0194750857
0.8685534000,-0.0132031254
0.8907360435,-0.0160641428
0.8816012740,-0.0035399760
0.8726266026,0.0118826237
0.8778268695,-0.0010935668
0.8965069056,-0.0062862947
0.8947269917,-0.0116281807
0.8605247140,-0.0111619001
0.8860477805,-0.0033368650
0.8856827021,0.0001867687
0.8308021426,-0.0415189341
0.8758818507,-0.0253451876
0.8776633143,0.0113010472
0.8933686614,0.0114563685
0.8986479044,-0.0080790035
0.8872268200,0.0236826893
0.8847915530,0.0048766695
0.8609024286,-0.0096721333
0.8577964306,-0.0047308896
0.8938851953,-0.0036286586
0.8489087224,0.0158273485
0.8580592871,0.0153793851
0.8706188798,0.0107355556
0.8718380332,-0.0087369392
0.8510443568,-0.0070694466
0.8571333885,-0.0014283495
0.8277801275,0.0002023576
0.8519375324,0.0032243058
0.8436484933,-0.0303975008
0.8882564306,-0.0130997002
0.8953335285,-0.0073131183
0.8821011186,-0.0179647822
0.8912624717,-0.0028585936
0.8870756626,-0.0069534848
0.8566709757,-0.0167105682
0.8588157892,-0.0376030803
0.8627783060,-0.0084098252
0.8617790341,0.0268769767
0.8512964845,0.0253540967
0.9017842412,-0.0029629227
0.8767979145,0.0297768265
0.8905971646,0.0011987040
0.8881163597,0.0048646852
0.8673520684,0.0128958309
0.8633351326,0.0038934660
0.8837659955,0.0196565986
0.8850090504,0.0108197285
0.8850585818,0.0251051728
0.8708435297,0.0101216771
0.8863663673,0.0156301428
0.8940855265,0.0106464876
0.8877718449,-0.0043916884
0.8646219373,0.0062700254
0.8648536801,0.0107396198
0.8577659726,-0.0283527263
0.8941004872,0.0088115064
0.8653273582,0.0426703431
0.8502066731,-0.0260847788
0.8800736070,-0.0153534943
0.8659405708,-0.0135711823
0.8523595333,-0.0092560677
0.8808949590,-0.0029362272
0.8466775417,-0.0059752418
0.8468995690,0.0362526439
0.8456498981,0.0208662767
0.8681913614,0.0106251650
0.8853776455,0.0287759807
0.8635293841,0.0280126110
0.8823877573,0.0251538940
0.8700227737,-0.0050042770
0.8727896214,0.0400909558
0.8153486848,0.0358977653
0.8635274768,0.0206469614
0.8472218513,0.0398783050
0.8776026368,0.0352571681
0.8840492368,0.0145152649
0.8904534578,0.0067837848
0.8399091959,-0.0081959246
0.8767548203,-0.0121409185
0.8663532734,-0.0165667497
0.8838254213,0.0016483053
0.8923962712,0.0143630775
0.8927620649,0.0085576707
0.8806096911,-0.0065104156
0.8248314857,-0.0022529962
0.8871156573,0.0004303885
0.8578957319,0.0125803165
0.8177934885,-0.0097753033
0.8468666077,0.0370034389
0.8861786127,0.0165551268
0.8853523731,0.0143168718
0.8820537925,0.0280814394
0.8411839008,0.0415486135
0.8807337880,0.0212409832
0.8652707338,0.0012077361
0.8904121518,0.0049181371
0.8735527396,0.0013646617
0.8810858727,0.0266169291
0.8606943488,0.0511269011
0.8632944226,0.0122836344
0.8802438974,0.0142369419
0.8847008944,0.0162610803
0.8868203759,0.0057197176
0.8914736509,-0.0049963407
0.8726652265,0.0252403226
0.7838823795,-0.0367466919
0.8935490847,-0.0072674905
0.8971666098,-0.0060624043
0.8689276576,-0.0065857107
0.8949759007,-0.0056608682
0.8555243611,-0.0181547143
0.8634777665,-0.0080130547
0.8774862885,0.0226456746
0.8630809188,0.0186092276
0.8614539504,0.0067736739
0.8396155834,0.0013077002
0.8617302775,0.0065181325
0.8418896198,0.0220941510
0.8822938204,0.0189888477
0.8881700635,-0.0002310846
0.8674811125,-0.0171101876
0.8382003903,-0.0252021290
0.8820302486,-0.0000720975
0.8624933362,0.0130594317
0.8454971910,0.0127704693
0.8863302469,0.0026219457
0.8833026290,0.0184561647
0.8922458887,-0.0084567545
0.8929553032,-0.0038572678
0.8885518312,-0.0164447557
0.8675328493,-0.0125409858
0.8886721730,-0.0104162153
0.8957994580,-0.0128333904
0.8757899404,-0.0153606581
0.8774871230,-0.0100759231
0.8743939400,-0.0317650884
0.8159267306,-0.0122064166
0.8589876294,-0.0266325716
0.8899545074,0.0143041862
0.8966433406,-0.0204131622
0.8955496550,0.0041418956
0.8639730215,0.0016198246
0.8592662811,0.0137841087
0.8700194359,-0.0175005067
0.8458212018,-0.0009325537
0.8458437324,-0.0062213861
0.8595926166,-0.0028095553
0.8340358138,0.0035836347
0.8379681706,0.0261240304
0.8910027742,-0.0259493887
0.8856686354,-0.0120284650
0.8821849823,0.0057016965
0.8510281444,0.0157287624
0.8540072441,-0.0386188626
0.8550769091,-0.0368103236
0.8904174566,-0.0106197130
0.8899273872,-0.0042867982
0.8685081601,-0.0060369032
0.8614253402,0.0234731846
0.8578870893,-0.0037185343
0.8392943740,0.0024389029
0.8925799727,-0.0244775321
0.8822643757,-0.0252621621
0.8567404747,0.0234888308
0.8883605599,0.0116465874
0.8831469417,0.0145392921
0.8928360343,-0.0009886567
0.8893205523,0.0003126177
0.8614284992,-0.0125378212
0.8586612940,0.0090552829
0.8680880070,-0.0239741318
0.8603907228,-0.0315756463
0.8596701026,-0.0200228579
0.8714760542,-0.0178223122
0.8928781152,-0.0051830821
0.8274627924,-0.0170967132
0.8521885276,-0.0082708159
0.8797354102,-0.0007851647
0.8739104867,-0.0045655286
0.8847295642,-0.0140628004
0.8952181935,-0.0108784446
0.8846388459,-0.0126293590
0.8389508128,-0.0228379332
0.8884593844,-0.0225189626
0.8748169541,-0.0374574400
0.8401656747,-0.0112313628
0.8907034397,-0.0182891600
0.8584778905,0.0272814594
0.8674177527,-0.0045454605
0.8872288465,0.0205637608
0.8768395782,-0.0210459102
0.8633569479,0.0410746969
0.8901380897,0.0166981202
0.7995257974,-0.0045217453
0.8906825781,0.0062127318
0.8732019663,0.0202645008
0.8648622632,0.0344283469
0.8568476439,-0.0098053059
0.8891857862,0.0091461772
0.8887388110,0.0097689172
0.8920370936,-0.0038254682
0.8821588159,0.0205972530
0.8636527061,-0.0081652468
0.8007950783,-0.0292021725
0.8701066375,-0.0077031013
0.8720645905,0.0051292623
0.8962657452,-0.0164630581
0.8985960484,-0.0052032876
0.8531377912,0.0080443947
0.8363018632,-0.0099159330
0.8521158099,-0.0194834191
0.8522142768,-0.0313347876
0.8608224988,-0.0134611716
0.8675947785,0.0147500867
0.8821488023,0.0325957723
0.8531511426,0.0160646122
0.8844847083,0.0241414383
0.8533170819,0.0408104956
0.8831385374,0.0359382816
0.8813691735,0.0188903846
0.8385982513,0.0042255470
0.8806854486,0.0333603472
0.8815674186,0.0150721455
0.8793597817,0.0307975393
0.8608638644,0.0133663174
0.8702197671,0.0350830406
0.8363991976,0.0136670638
0.8827700019,0.0231553223
0.8728349805,-0.0009894291
0.8794881701,-0.0004550953
0.8847535849,0.0215320531
0.8876384497,-0.0034457818
0.8513106704,0.0092071537
0.8786097169,-0.0168030281
0.8426211476,0.0083563030
0.8982026577,-0.0047610519
0.8788911104,-0.0183687769
0.8792995811,0.0246457551
0.8873140216,0.0195913110
0.8925861716,0.0170861073
0.8662516475,0.0040577035
0.8808341622,0.0365218222
0.8840985298,0.0201184377
0.8684651852,0.0377316028
0.8552536368,0.0376972966
0.8528348207,0.0106260022
0.8685305715,0.0056458940
0.8612124324,0.0098564373
0.8371923566,0.0034568349
0.8588325381,0.0315663554
0.8600292802,0.0200073496
0.8723540306,0.0323641784
0.8637648225,-0.0029943211
0.8899522424,-0.0108760344
0.8560132384,0.0050071343
0.8706997037,0.0130408425
0.8939645290,0.0038957582
0.8854502439,0.0004913395
0.8721915483,0.0013067713
0.8771790266,-0.0147305001
0.8789083362,0.0019100722
0.8671197891,-0.0035028674
0.8884123564,0.0033411572
0.8713653684,0.0096937846
0.8878842592,0.0277841743
0.8398680687,0.0069927135
0.8342013359,0.0337461494
0.8898723722,0.0132792192
0.8535613418,0.0473630652
0.8764147758,0.0345222019
0.8433952928,-0.0292269308
0.8691296577,0.0159078352
0.8758726120,0.0058243922
0.8726165295,0.0242650174
0.8460240960,-0.0056386907
0.8680863976,0.0131931063
0.8975276947,0.0079812566
0.8872330785,-0.0137686282
0.8623490334,-0.0137970708
0.8505903482,-0.0277854763
0.8315992951,-0.0195385925
0.8830215335,0.0063801394
0.8939830661,-0.0040824092
0.8412125111,-0.0220871940
0.8914828300,-0.0034515881
0.8609037399,-0.0051406198
0.8523182273,-0.0314753577
0.8720234632,0.0037096923
0.8874104619,0.0029596330
0.8859442472,0.0126962392
0.8953638077,-0.0025742177
0.8951085210,-0.0092286244
0.8707475662,-0.0030483918
0.8433207870,0.0140440268
0.8820385933,0.0220166557
0.8509389758,0.0195565708
0.8873476982,0.0114157442
0.8725125194,-0.0014166858
0.8940408230,0.0061446261
0.8513866067,0.0097640827
0.8866311312,-0.0176315140
0.8451074958,-0.0147470981
0.8360659480,-0.0134736001
0.8847163916,0.0081197675
0.8836263418,0.0094544394
0.8734809756,-0.0425196476
0.8514571786,-0.0288285483
0.8644618392,-0.0019982855
0.8900530934,-0.0108660543
0.8556722403,0.0090052513
0.8936515450,-0.0191297699
0.8743153811,-0.0065682046
0.8707283139,-0.0218728669
0.8659742475,0.0041704089
0.8972287178,0.0160226356
0.8959104419,-0.0064349216
0.8388981819,0.0029258658
0.8456588387,-0.0006830238
0.8691172004,0.0163914878
0.8647010326,-0.0041522780
0.8908548951,0.0044719540
0.8620253205,0.0209666304
0.8712494969,-0.0311498865
0.8827031851,0.0375567786
0.8710789084,-0.0064183967
0.8494444489,0.0288464315
0.8450701833,0.0141769685
0.8905232549,-0.0026516321
0.8818211555,0.0146855470
0.8776769638,-0.0096977204
0.8936696053,-0.0138351927
0.8474810719,0.0034118041
0.8674294949,0.0157877915
0.8902246952,-0.0119845336
0.8613122106,-0.0148848565
0.8714417815,-0.0088858651
0.8831925988,-0.0163228214
0.8918253183,-0.0021832041
0.8581533432,0.0247940682
0.8652224541,0.0293757934
0.8949571252,0.0077687493
0.8958174586,-0.0096777091
0.8606706262,-0.0042645466
0.8618524671,0.0230728593
0.8639149666,-0.0026302619
0.8844324946,-0.0115468297
0.8819426894,-0.0020831465
0.8895378113,-0.0079098903
0.8755138516,-0.0181230530
0.8916811347,-0.0058309124
0.8790015578,-0.0175703671
0.8614286184,-0.0318232886
0.8848186731,-0.0096477624
0.8854867816,-0.0266770143
0.8813232183,-0.0004046305
0.8616586924,-0.0500602163
0.8874940276,-0.0156228757
0.8738259673,-0.0351704173
0.8679786921,-0.0290499199
0.8893578053,-0.0262592956
0.8710502386,-0.0078395428
0.8194110394,-0.0298310444
0.8739692569,-0.0332384184
0.8787199855,-0.0064370446
0.8812605739,0.0143859414
0.8801564574,-0.0099314237
0.8771823645,0.0053081485
0.8651323318,-0.0146161951
0.8603230119,0.0239837226
0.8822336793,0.0058306199
0.8800933957,-0.0081914458
0.8800377250,0.0073399106
0.8592925072,-0.0335768722
0.8900722861,-0.0068723978
0.8526296616,0.0063612033
0.8810433149,0.0047812094
0.8853100538,0.0071567902
0.8903578520,-0.0084942421
0.8831703663,-0.0225877706
0.8325176239,-0.0391238108
0.8410265446,-0.0042464221
0.8310934305,-0.0393319540
0.8716026545,0.0059818472
0.8557988405,0.0160049144
0.8891204000,-0.0149456924
0.8381026983,-0.0387293100
0.8830450773,-0.0218859110
0.8848412037,-0.0091263205
0.8865382671,0.0062881699
0.8694927692,0.0060777487
0.8890174031,0.0030158556
0.8389299512,0.0004881679
0.8509470820,0.0432006046
0.8645410538,0.0124579677
0.8954036236,0.0103084063
0.8684598804,0.0178335477
0.8874814510,0.0183935892
0.8674685955,0.0157457069
0.8809005618,0.0262864437
0.8874391317,0.0130518042
0.8710530400,-0.0071353423
0.8721908331,0.0106875515
0.8412442207,-0.0140626635
0.8791109920,0.0193816032
0.8763528466,0.0088189607
0.8399162292,-0.0154649196
0.8538573384,-0.0035084675
0.8704403639,-0.0038345135
0.8709871173,-0.0106843943
0.8775010705,0.0202536043
0.8817049265,0.0138002466
0.8036376834,-0.0463156179
0.8605200052,-0.0418611988
0.8801512718,0.0089702317
0.8565610051,0.0296234041
0.8939065337,0.0172029529
0.8611569405,0.0237210263
0.8538184166,0.0269052871
0.8660693169,0.0432214625
0.8881574869,0.0142107988
0.8635456562,0.0074745240
0.8825579882,0.0391666144
0.8800052404,0.0326340795
0.8799588680,0.0358081236
0.8544355035,0.0128925201
0.8592329025,0.0109979305
0.8545894027,0.0244343989
0.8826057911,0.0090073049
0.8860982060,-0.0010439021
0.8704303503,0.0011481924
0.8902639747,0.0098924236
0.8642536998,0.0029592232
0.8900532126,0.0041660788
0.8787976503,-0.0114206299
0.8651515841,-0.0083870869
0.8781242371,-0.0098730624
0.8630250692,-0.0314101726
0.8494508266,0.0189934857
0.8479931951,0.0065066251
0.8875760436,0.0242882743
0.8366529942,0.0184499510
0.8637489080,-0.0031384695
0.8573549986,0.0275755320
0.8814969063,0.0136875845
0.8671897054,0.0307997279
0.8678134680,0.0217565391
0.8636795282,0.0050385310
0.8432185054,0.0067715757
0.8841460347,0.0098404801
0.8801436424,0.0142801404
0.8779318333,0.0516062677
0.8817672133,0.0189327151
0.8913570642,0.0118024340
0.8623555303,0.0000742996
0.8547076583,0.0009612433
0.8761166334,0.0107255075
0.8734823465,-0.0108168535
0.8775694370,-0.0022067379
0.8908867836,-0.0107743274
0.8645612597,-0.0094788773
0.8895600438,-0.0075817653
0.8840798140,-0.0102613196
0.8839623332,-0.0234794691
0.8577398658,-0.0320121646
0.8567934036,0.0400750898
0.8589485884,0.0154736796
0.8592934012,0.0202819128
0.8938015103,-0.0054770373
0.8857455254,0.0203054938
0.8379093409,0.0227775294
0.8784859776,-0.0024893687
0.8670543432,-0.0122488383
0.8900444508,0.0031939475
0.8879510760,0.0158161093
0.8632486463,-0.0042977203
0.8621713519,-0.0082012657
0.8797554374,-0.0017550496
0.8881404400,-0.0064307847
0.8905469179,-0.0114564756
0.8729685545,-0.0101433340
0.8796734214,0.0044384254
0.8615258336,-0.0149826193
0.8843759298,-0.0197352394
0.8910058141,-0.0098850951
0.8857404590,-0.0245554373
0.8716796041,-0.0054812999
0.8563840389,-0.0422800407
0.8872080445,-0.0383156575
0.8846658468,-0.0218393747
0.8947067261,-0.0080648903
0.8974246979,-0.0014520999
0.8901334405,-0.0081922458
0.8746239543,-0.0121819675
0.8903126717,-0.0174250100
0.8993107677,0.0191012211
0.8719316721,-0.0136720259
0.8845369816,0.0097693121
0.8562625647,0.0296149980
0.8250479698,0.0008674616
0.8622165918,-0.0075117135
0.8853038549,-0.0136655234
0.8394684196,-0.0182822365
0.8707936406,-0.0268071927
0.8885073066,-0.0093769245
0.8540602326,-0.0399172492
0.8149846196,-0.0226414427
0.8864215016,-0.0239085536
0.8462135196,0.0046873754
0.8346495032,-0.0389246866
0.8908385634,-0.0153908962
0.8873972297,-0.0244680159
0.8765635490,-0.0084087951
0.8306685090,-0.0073118666
0.8610237241,-0.0138084171
0.8927881718,0.0019999449
0.8417253494,-0.0106570525
0.8840192556,0.0265698843
0.8712245822,-0.0072863521
0.8924217820,-0.0137769990
0.8586167693,0.0089159403
0.8775130510,-0.0240089800
0.8721644878,0.0017761759
0.8618581891,0.0057662656
0.8727140427,-0.0062005585
0.8612396717,0.0157830250
0.8963111639,0.0004585467
0.8605314493,0.0321862698
0.8731845021,-0.0097107599
0.8479780555,-0.0073621403
0.8689007163,0.0114444932
0.8782414794,0.0037900836
0.8871452212,0.0100071942
0.8597578406,0.0005873786
0.8465664983,0.0058727558
0.8910880685,-0.0065760231
0.8913031220,-0.0001745750
0.8944935203,-0.0276356265
0.8475179672,-0.0030366315
0.8651280403,0.0031377161
0.8621723652,-0.0157945994
0.8739969730,0.0299819913
0.8986716270,0.0086959740
0.8844676614,0.0220664050
0.8833121657,0.0179650653
0.8561882973,0.0513785034
0.8924866915,0.0052200709
0.8392395973,0.0217816960
0.8924378753,0.0149264112
0.8485354781,0.0310394857
0.8919860125,0.0068065417
0.8617439270,-0.0162823964
0.8753685355,0.0123294946
0.8459895253,0.0013826176
0.8527815342,-0.0231438857
0.8438407779,-0.0297763553
0.8470066786,-0.0244589169
0.8621158004,0.0056575518
0.8871052265,0.0117985355
0.8923330903,-0.0075515797
0.8947230577,0.0148286689
0.8760246038,0.0079720505
0.8648993373,-0.0320635177
0.8776972890,-0.0238394476
0.8821183443,-0.0019373640
0.8932141662,0.0054124165
0.8908714652,0.0138417156
0.8584412932,-0.0234534647
0.8735396266,0.0063149100
0.8899718523,0.0065445639
0.8342463374,0.0299147908
0.8867757320,0.0090498393
0.8929968476,0.0198043156
0.8777737021,-0.0200687479
0.8521580696,0.0214331020
0.8850622773,0.0067302403
0.8857723475,0.0070775044
0.8950127363,0.0053964299
0.8729381561,-0.0017593140
0.8622011542,-0.0083858604
0.8715441227,-0.0233933106
0.8486737609,-0.0133968396
0.8832907677,0.0183846261
0.8839210272,0.0272146855
0.8487569690,0.0015168681
0.8542196155,0.0128187891
0.8685307503,0.0473423973
0.8963943720,-0.0102686211
0.8688060641,-0.0281720515
0.8636576533,-0.0152776698
0.8975138068,0.0050216722
0.8483954668,-0.0140699381
0.8641515970,0.0067362692
0.8902884126,-0.0214536637
0.8552746177,0.0112115098
0.8548480272,0.0313966535
0.8799177408,0.0276303384
0.8900655508,-0.0090758950
0.8513176441,0.0142739890
0.8866727948,-0.0069104140
0.8906524181,0.0091116047
0.8704644442,0.0095580351
0.8504728675,0.0077330582
0.8896475434,0.0146104721
0.8471717834,0.0471879058
0.8869823813,-0.0231828485
0.8929892182,-0.0296959244
0.8784403801,0.0149491671
0.8753374219,-0.0166138206
0.8698726892,0.0075854533
0.8969923258,-0.0064490382
0.8714117408,-0.0268856436
0.8363960981,-0.0266630258
0.8874756098,-0.0110700242
0.8757181168,-0.0015205352
0.8722247481,-0.0043490143
0.8752762079,0.0023922052
0.8896334767,0.0049455576
0.8780989647,-0.0170750637
0.8962463737,-0.0042981356
0.8795832992,0.0040934733
0.8903830647,-0.0102528147
0.8872761726,-0.0171621740
0.8670386672,0.0074910470
0.8750346303,0.0048448718
0.8812762499,-0.0176050924
0.8918346763,0.0004361407
0.8910499215,-0.0086114509
0.8946752548,-0.0170098674
0.8477545381,-0.0258088280
0.8723443151,0.0095127402
0.8918974996,-0.0111376727
0.8656690121,0.0178298932
0.8935487270,-0.0216444582
0.8657380342,-0.0046432116
0.8951247931,-0.0031361026
0.8579224944,-0.0309577081
0.8696046472,-0.0077188653
0.8513532877,-0.0389039032
0.8854684234,-0.0222006664
0.8651167154,0.0039280853
0.8837891817,0.0172375031
0.8885357976,-0.0147559429
0.8801537752,0.0206832308
0.8746647835,0.0252488256
0.8873659968,0.0236533657
0.8671762347,0.0363166071
0.8747627139,0.0122608254
0.8874250650,0.0022395984
0.8544608355,-0.0231751725
0.8791033626,0.0143006556
0.8487960100,0.0289802421
0.8827372193,0.0061050039
0.8766102791,0.0096101603
0.8539091349,-0.0070713074
0.8935888410,-0.0052392134
0.8814903498,0.0055708266
0.8923546672,0.0019202614
0.8460810781,-0.0053494312
0.8849741220,-0.0044546635
0.8460429311,-0.0196837708
0.8488754630,-0.0137387617
0.8858882189,-0.0104681384
0.8911603689,-0.0091280099
0.8448125124,0.0008192145
0.8916039467,-0.0066223969
0.8697764874,0.0091709550
0.8639225364,-0.0003648172
0.8485394716,-0.0208568573
0.8958412409,0.0055975141
0.8620920777,0.0576347075
0.8300042152,0.0378188305
0.8730199933,-0.0189125203
0.8324663639,0.0000184322
0.8658989072,0.0048626931
0.8904109597,-0.0019249849
0.8928756714,0.0009923012
0.8829638958,0.0106104892
0.8910465837,-0.0057609538
0.8875842690,-0.0039382484
0.8705953956,0.0061638034
0.8922077417,-0.0018802371
0.8940592408,-0.0159852188
0.8710508347,-0.0249137208
0.8690083623,0.0008904001
0.9002069235,-0.0149255190
0.8672733307,-0.0062879971
0.8799881339,-0.0260562338
0.8792926073,-0.0146460310
0.8778081536,-0.0143932756
0.8952904344,0.0037858265
0.8716303110,0.0122499065
0.8863041401,-0.0019195925
0.8277743459,0.0126273036
0.8938757181,0.0086456966
0.8409920335,-0.0029650878
0.8522556424,0.0224282555
0.8449146748,-0.0242473502
0.8636403680,0.0150150070
0.8165454865,-0.0242290348
0.8592795134,-0.0138143152
0.8436728120,0.0232444443
0.8427985907,-0.0133106615
0.8838211298,-0.0178462323
0.8936073780,-0.0020476591
0.8609735370,-0.0137572745
0.8806894422,0.0065991636
0.8618432879,-0.0021540951
0.8426740766,0.0105431965
0.8610823750,0.0133620026
0.8910012245,-0.0080280872
0.8932898641,-0.0025143903
0.8982773423,-0.0176907405
0.8634525537,-0.0102010220
0.8749674559,-0.0218829848
0.8949412704,-0.0029454934
0.8420425653,0.0162344128
0.8796164989,0.0171726700
0.8856340647,0.0145655060
0.8868911862,0.0062448611
0.8802657127,0.0275138915
0.8656172752,-0.0075305919
0.8449879289,0.0362050422
0.8542400002,0.0040710014
0.8830328584,0.0192665942
0.8887718320,0.0034049738
0.8666330576,-0.0089537771
0.8684508801,-0.0059603909
0.8853677511,-0.0151118971
0.8564426303,-0.0170456618
0.8372358084,-0.0052456683
0.8784890771,-0.0370457284
0.8512731194,-0.0100509273
0.8354081511,-0.0105433352
0.8873105645,-0.0179399513
0.8407129049,-0.0245506428
0.8881691694,-0.0016277846
0.8883692026,-0.0302306619
0.8877073526,-0.0014478298
0.8786405325,-0.0240065288
0.8815897107,-0.0010417693
0.8950531483,0.0073634894
0.8755364418,0.0204791091
0.8668462634,0.0037952184
0.8904125094,0.0122382138
0.8516213894,0.0224880576
0.8865277767,0.0168257523
0.8666408062,0.0113328556
0.8715808988,0.0063488176
0.8734587431,0.0265908521
0.8586242199,-0.0020433317
0.8605591059,0.0011467456
0.8536459208,-0.0189949907
0.8788868189,-0.0205532666
0.8538914919,-0.0221749041
0.8834397793,0.0165330265
0.8408054113,-0.0161037873
0.8774413466,-0.0018562276
0.8931814432,0.0142495763
0.8842561841,0.0127780437
0.8511416316,-0.0214725938
0.8820168376,-0.0016445818
0.8630406857,-0.0012613473
0.8911970258,0.0100444350
0.8848418593,0.0013779919
0.8927432895,0.0334745497
0.8792973161,0.0135262050
0.8677366972,0.0225473624
0.8603419662,0.0091634067
0.8736312389,0.0369795188
0.8815609217,0.0146109778
0.8872263432,0.0081810914
0.8854802251,0.0360228680
0.8434529305,0.0535629019
0.8544044495,0.0087887729
0.8603190780,0.0193340573
0.8574488163,0.0361182913
0.5000000000,0.0000000000
0.5000000000,0.0000000000
0.5000000000,0.0000000000
0.5000000000,0.0000000000
0.5000000000,0.0000000000
0.0000000000,-1.5000000000
0.0000000000,-1.5000000000
0.0000000000,-1.5000000000
0.0000000000,-1.5000000000
0.0000000000,-1.5000000000
0.0000000000,-1.5000000000
0.0000000000,-1.5000000000
0.0000000000,-1.5000000000
0.0000000000,-1.5000000000
0.0000000000,-1.5000000000
0.0000000000,-1.5000000000
0.0000000000,-1.5000000000
0.0000000000,-1.5000000000
0.0000000000,-1.5000000000
0.0000000000,-1.5000000000
0.0000000000,-1.5000000000
0.0000000000,-1.5000000000
0.0000000000,-1.5000000000
0.0000000000,-1.5000000000
0.0000000000,-1.5000000000
0.0000000000,-1.5000000000
0.0000000000,-1.5000000000
0.0000000000,-1.5000000000
0.0000000000,-1.5000000000
0.0000000000,-1.5000000000
0.0000000000,-1.5000000000
0.0000000000,-1.5000000000
0.0000000000,-1.5000000000
0.0000000000,-1.5000000000
0.0000000000,-1.5000000000
0.0000000000,-1.5000000000
0.0000000000,-1.5000000000
0.0000000000,-1.5000000000
0.0000000000,-1.5000000000
0.0000000000,-1.5000000000
0.0000000000,-1.5000000000
0.0000000000,-1.5000000000
0.0000000000,-1.5000000000
0.0000000000,-1.5000000000
0.0000000000,-1.5000000000
0.0000000000,-1.5000000000
0.0000000000,-1.5000000000
0.0000000000,-1.5000000000
0.0000000000,-1.5000000000
0.0000000000,-1.5000000000
0.0000000000,-1.5000000000
0.0000000000,-1.5000000000
0.0000000000,-1.5000000000
0.0000000000,-1.5000000000
0.0000000000,-1.5000000000
0.0000000000,-1.5000000000
0.0000000000,-1.5000000000
0.0000000000,-1.5000000000
0.0000000000,-1.5000000000
0.0000000000,-1.5000000000
0.0000000000,-1.5000000000
0.0000000000,-1.5000000000
0.0000000000,-1.5000000000
0.0000000000,-1.5000000000
0.0000000000,-1.5000000000
0.0000000000,-1.5000000000
0.0000000000,-1.5000000000
0.0000000000,-1.5000000000
0.0000000000,-1.5000000000
0.0000000000,-1.5000000000
0.5000000000,0.0000000000
0.5000000000,0.0000000000
0.5000000000,0.0000000000
0.5000000000,0.0000000000
0.5000000000,0.0000000000
0.5000000000,0.0000000000
0.5000000000,0.0000000000
0.5000000000,0.0000000000
0.5000000000,0.0000000000
0.5000000000,0.0000000000
0.5000000000,0.0000000000
0.5000000000,0.0000000000
0.5000000000,0.0000000000
0.5000000000,0.0000000000
0.5000000000,0.0000000000
0.5000000000,0.0000000000
0.5000000000,0.0000000000
0.5000000000,0.0000000000
0.5000000000,0.0000000000
0.5000000000,0.0000000000
0.5000000000,0.0000000000
0.5000000000,0.0000000000
0.5000000000,0.0000000000
0.5000000000,0.0000000000
0.5000000000,0.0000000000
0.5000000000,0.0000000000
0.5000000000,0.0000000000
