0.7904298897,-0.2095701103
0.7338200655,-0.2661799345
0.6880498340,-0.3119501660
0.6468865776,-0.3531134224
0.3800494373,-0.3212963641
0.5897400975,-0.2722817957
0.5903856158,-0.4475333691
0.6067254543,-0.3816508353
0.5567353964,-0.4379096627
0.5984476209,-0.3773232102
0.5756561160,-0.4282111526
0.6234374642,-0.3944227099
0.5890888572,-0.4305531383
0.5501061082,-0.4381694794
0.5535845160,-0.4532046318
0.5707893968,-0.4116418958
0.5926671624,-0.4114197493
0.6244987249,-0.3763476610
0.5764914155,-0.4199855328
0.5482596159,-0.4356682897
0.6099989414,-0.3784420192
0.6054003239,-0.3593593836
0.5709473491,-0.3279904425
0.5420736074,-0.4852019548
0.5665571690,-0.4514586926
0.5558341742,-0.4561639428
0.6142464280,-0.3850869238
0.6398158669,-0.3062364757
0.6480039954,-0.3639897406
0.6685528159,-0.3429176211
0.6802781820,-0.3442752659
0.6937025189,-0.2655692101
0.6809791327,-0.2839270532
0.6828858256,-0.3011588156
0.6773473024,-0.2598685026
0.6818751693,-0.2922352850
0.7426819801,-0.2538808882
0.7365303040,-0.2373594195
0.7930397391,-0.1802447587
0.7947985530,-0.1298410296
0.8351109624,-0.1037451699
0.8271450400,-0.1150225699
0.8577622771,-0.0596391708
0.8847080469,-0.0102419471
0.8358154893,0.0013388544
0.8485728502,0.0320920013
0.8723239899,0.0417757183
0.8630595803,0.0554747097
0.8223255277,0.0530588515
0.8588925600,0.0925826132
0.8406934142,0.0985794514
0.8046843410,0.1234033555
0.7822163105,0.1305573285
0.8125589490,0.1144634858
0.7881223559,0.1385205686
0.7790994644,0.1507995427
0.7877351642,0.1779156923
0.7534350157,0.2062646896
0.7701648474,0.2172070444
0.7372403741,0.2076127082
0.7514801025,0.1957055777
0.7700081468,0.2042243928
0.7618374228,0.2041745484
0.7487311363,0.2240247577
0.7434562445,0.2060712576
0.7556700706,0.2234435678
0.7579010129,0.1708542407
0.7991325259,0.1515791714
0.7862173915,0.1576515287
0.7883970737,0.1648838520
0.7806512117,0.1686675251
0.7914065123,0.1442936063
0.8063786030,0.1249451786
0.8057826161,0.1490681618
0.8080079556,0.1459839493
0.7828679681,0.1503724158
0.7909744978,0.1100749075
0.8236086369,0.1280398667
0.8268682957,0.1010668427
0.8104118109,0.0765185058
0.8271767497,0.1113121659
0.7929038405,0.1441390663
0.8485251069,0.0855518505
0.8379313350,0.0518226288
0.8144126534,0.0441453196
0.8672405481,0.0142965997
0.8885828257,0.0156513415
0.8741704226,0.0256710704
0.8684952855,0.0029925851
0.8574978709,-0.0150320558
0.8650352955,-0.0193442926
0.8630712032,-0.0282806102
0.8519375920,-0.0553190969
0.8691463470,-0.0455530584
0.8390210271,-0.0637057424
0.8713908792,-0.0572464019
0.8204262853,-0.0613467284
0.8541821241,-0.0538273565
0.8259345889,-0.0684277713
0.8316157460,-0.0679196343
0.8083964586,-0.1078354493
0.8251929879,-0.0917026624
0.8335581422,-0.1024823263
0.8354588747,-0.0891017988
0.8353581429,-0.1072855964
0.8189097047,-0.0911826566
0.8383855224,-0.0857206732
0.7902100682,-0.1103928536
0.8630583286,-0.0594216175
0.8146367669,-0.0714525953
0.8210564852,-0.1107649505
0.8513279557,-0.0665270090
0.8253244162,-0.0822346509
0.8546582460,-0.0877038240
0.8389520049,-0.0880967230
0.8379774094,-0.0723751113
0.8660440445,-0.0619739741
0.8618556857,-0.0718908235
0.8546644449,-0.0423917286
0.8589609861,-0.0635814965
0.8310800791,-0.0793179423
0.8526721001,-0.0355802849
0.8589633703,-0.0735058635
0.8132542372,-0.0913422182
0.8870853186,-0.0254645385
0.8862385154,-0.0429054089
0.8924047947,-0.0293891616
0.8499022126,-0.0243422464
0.8580982685,-0.0035158275
0.8620648384,-0.0206952263
0.8830200434,-0.0176649000
0.8690361977,-0.0178829972
0.8542740941,0.0020870178
0.8697799444,-0.0066287667
0.8940497041,-0.0044835592
0.8690983653,-0.0152110159
0.8691454530,-0.0008334746
0.8865506053,0.0162877310
0.8640500307,0.0189990029
0.8806332946,0.0083328532
0.8582674861,0.0172240864
0.8699590564,0.0188418590
0.8635590672,0.0157548804
0.8296927810,0.0342166349
0.8544021845,0.0199895259
0.8908202052,0.0206572171
0.8466101289,0.0427109376
0.8842667937,0.0381780565
0.8364043832,0.0066757519
0.8772761226,0.0429920480
0.8523846865,0.0334185548
0.8693380952,0.0443916433
0.8858289123,0.0436961055
0.8778376579,0.0346723050
0.8759433627,0.0322325751
0.8673841357,0.0324737318
0.8521399498,0.0511412695
0.8536808491,0.0312919877
0.8764933348,0.0575120226
0.8321155906,0.0382370837
0.8550842404,0.0543083474
0.8429999948,0.0589163303
0.8576608896,0.0788349360
0.8038814664,0.0664984286
0.8450708389,0.0606743246
0.8627402186,0.0469643436
0.8665406704,0.0457700342
0.8510811925,0.0516656227
0.8622165918,0.0682282671
0.8585578799,0.0092789382
0.8377069831,0.0466100313
0.8615631461,0.0323151685
0.8442710042,0.0427740924
0.8701823354,0.0285358820
0.8704592586,0.0603217185
0.8798594475,0.0409026593
0.8656572700,0.0160869714
0.8705056906,-0.0015472627
0.8937256932,0.0137043670
0.8671734333,-0.0039028826
0.8710150719,-0.0050627403
0.8747909665,-0.0139352940
0.8464394808,-0.0033944016
0.8653479815,0.0210256316
0.8561058044,0.0113506932
0.8953119516,0.0178089030
0.8828142881,0.0292829387
0.8673544526,0.0303625558
0.8509483933,0.0397160798
0.8565863371,0.0360980630
0.8913620114,0.0166632496
0.8850151896,0.0021849554
0.8673702478,0.0103143686
0.8858876228,0.0095509095
0.8720932603,0.0122027071
0.8711014986,0.0186645258
0.8885414600,0.0087054959
0.8883368969,0.0053128223
0.8696833253,-0.0172903351
0.8618809581,-0.0216455664
0.8284029961,-0.0265882276
0.8642312884,-0.0327051356
0.8588982224,-0.0140312398
0.8816884756,-0.0117332861
0.8661103845,0.0106501495
0.8581991792,-0.0258695353
0.8811325431,-0.0004204842
0.8853548169,-0.0283009652
0.8748356104,-0.0080881296
0.8675643206,-0.0154365581
0.8433931470,-0.0220632963
0.8666330576,-0.0059202616
0.8890840411,-0.0188511480
0.8556166291,-0.0241532866
0.8452154994,-0.0341049917
0.8779500127,-0.0195862576
0.8739447594,-0.0217112489
0.8305312991,0.0026773771
0.8837350011,0.0041148579
0.8706114888,-0.0409864001
0.8449003696,-0.0526549108
0.8773095012,-0.0033552933
0.8649972677,-0.0112323742
0.8605721593,-0.0405476838
0.8640044928,-0.0570300184
0.8669676185,-0.0559510775
0.8164195418,-0.0303165149
0.8568399549,-0.0181473494
0.8567133546,-0.0432631560
0.8261546493,-0.0395808518
0.8652251959,-0.0288715493
0.8362988234,-0.0542694815
0.8807266951,-0.0381335020
0.8912647367,-0.0091501037
0.8625648618,-0.0064103096
0.8924467564,-0.0212454014
0.8766574860,-0.0126919206
0.8674150109,0.0068557295
0.8708227277,-0.0187543985
0.8880787492,-0.0208353773
0.8767344952,-0.0162445717
0.8780606985,-0.0031392653
0.8906549811,-0.0175444409
0.8902190924,-0.0165846348
0.8642926216,-0.0150896301
0.8719709516,-0.0366882049
0.8569877744,-0.0078845024
0.8715447187,0.0013691353
0.8785458207,-0.0156284682
0.8729266524,-0.0240691621
0.8946679831,-0.0195561964
0.8350006938,-0.0269543249
0.8657985926,-0.0181312673
0.8431164622,-0.0367185660
0.8749469519,0.0133144790
0.8516810536,-0.0055833007
0.8824445605,-0.0145472242
0.8749419451,-0.0425585285
0.8794365525,0.0230731815
0.8968554735,0.0073597617
0.8858440518,0.0139341755
0.8606568575,0.0049195969
0.8741426468,0.0235676672
0.8853434324,0.0314266123
0.8784919977,0.0264933351
0.8556886315,-0.0030644650
0.8844727874,0.0247499850
0.8765905499,0.0162707753
0.8900011182,0.0264529865
0.8712698221,0.0013733434
0.8906878233,0.0173442680
0.8394014835,-0.0014636014
0.8748225570,0.0039344556
0.8698015809,0.0131294169
0.8894463181,0.0183510240
0.8581217527,0.0182589646
0.8789353967,0.0081362342
0.8736921549,0.0107308971
0.8678421378,-0.0028250664
0.8923580050,0.0223446116
0.8648610711,0.0006082617
0.8924359083,0.0034629975
0.8553693891,0.0345340334
0.8703386784,0.0113229053
0.8374877572,0.0260668397
0.8277902007,0.0025210953
0.8745512962,0.0514688641
0.8827328086,0.0338651054
0.8809796572,0.0554546341
0.8581540585,0.0218422562
0.8802126646,0.0426415093
0.8506496549,0.0233543683
0.8276459575,0.0343383439
0.8649658561,0.0182376876
0.8741308451,0.0384555310
0.8698378801,0.0358799733
0.8893548846,0.0281174146
0.8813471794,0.0082384450
0.8797153831,0.0242394302
0.8883562088,0.0208030511
0.8492093086,0.0024016835
0.8484655023,0.0107697034
0.8860912919,0.0143936602
0.8383530378,0.0140491156
0.8392616510,0.0030935975
0.8468112350,0.0235730223
0.8675161600,0.0031851816
0.8651521206,0.0071662557
0.8432011604,0.0158652011
0.8624784350,0.0103079583
0.8506906629,0.0205455832
0.8958940506,0.0263093449
0.8551281095,0.0669204965
0.8803145885,0.0329648145
0.8744837642,0.0131547833
0.8677717447,0.0092827901
0.8709430695,0.0088452511
0.8888438344,0.0208636746
0.8746772408,0.0422584526
0.8852362633,0.0302979611
0.8660322428,0.0116040595
0.8793672323,0.0014136271
0.8653602600,0.0466006473
0.8954163790,0.0088533601
0.8452848196,0.0063462239
0.8349305987,-0.0262936298
0.8832294941,0.0185873974
0.8929359317,0.0057221712
0.8876238465,-0.0022621020
0.8659248948,-0.0050191768
0.8863157630,-0.0193033498
0.8943771124,-0.0029451950
0.8614578247,-0.0117296986
0.8898767829,0.0145535469
0.8475978374,0.0152875129
0.8925380707,0.0134212794
0.8851469755,0.0039801011
0.8893529177,-0.0022688166
0.8805754781,0.0162237864
0.8742148280,0.0187659543
0.8827018738,0.0181687828
0.8838455677,-0.0028824301
0.8846265674,-0.0105763860
0.8902493715,0.0101250382
0.8927709460,0.0040527661
0.8787068129,-0.0142436028
0.8659418225,-0.0008415719
0.8710693717,-0.0145788118
0.8847814798,-0.0171069503
0.8980278373,-0.0008307580
0.8641018867,-0.0536873937
0.8725892305,0.0118550770
0.8753641844,0.0316977836
0.8855953217,-0.0127169741
0.8865286112,-0.0154259773
0.8573958874,-0.0023937570
0.8581336737,-0.0173042696
0.8162032366,-0.0034416814
0.8700687885,-0.0348048434
0.8941797614,-0.0201142207
0.8497989178,-0.0058577596
0.8961580396,-0.0010598246
0.8312644362,-0.0378258154
0.8889334202,0.0006863260
0.8473738432,-0.0120612793
0.8444240689,-0.0380050167
0.8724630475,-0.0275212005
0.8766252995,0.0099295843
0.8654704690,0.0193091594
0.8449628949,-0.0212150197
0.8475266099,-0.0004983656
0.8509081602,0.0066072140
0.8892165422,-0.0064235521
0.8736940026,0.0041268128
0.8812735081,-0.0142001845
0.8540389538,-0.0076934504
0.8573857546,-0.0027473683
0.8586601019,-0.0074351327
0.8676125407,-0.0238119643
0.8544586897,-0.0366048925
0.8629781604,-0.0309049841
0.8521234393,-0.0437762216
0.8794317842,-0.0156656131
0.8924813867,-0.0131683685
0.8872572184,-0.0029545021
0.8895457983,-0.0059524090
0.8855849504,0.0014067689
0.8645623922,0.0082424963
0.8638523221,0.0187745038
0.8844990730,0.0201875232
0.8666858673,0.0068907109
0.8891154528,-0.0175690446
0.8590964079,0.0333678387
0.8662222028,0.0085383281
0.8742406964,0.0173831210
0.8864308596,0.0170579106
0.8772325516,0.0151429260
0.8856052756,-0.0093740830
0.8918735981,0.0059808055
0.8745292425,0.0083059100
0.8490596414,-0.0049033468
0.8974752426,-0.0081412438
0.8580774069,0.0092146685
0.8566992879,0.0232457090
0.8935009837,0.0042985291
0.8440827727,-0.0248603895
0.8411964774,-0.0145647312
0.8435293436,-0.0056282189
0.8695850968,0.0357938074
0.8757651448,-0.0023206377
0.8702149987,-0.0138067314
0.8328023553,0.0231739897
0.8838823438,0.0194218848
0.8557419181,0.0606002286
0.8767987490,0.0166055728
0.8887358308,-0.0128555261
0.8530504107,0.0067211776
0.8653571606,0.0085452721
0.8862665296,0.0253031403
0.8929780126,0.0000795105
0.8373731971,0.0094573563
0.8938205242,0.0080719069
0.8821517229,0.0145424912
0.8662229776,-0.0062401989
0.8598562479,-0.0239541568
0.8677055240,-0.0059382850
0.8465993404,-0.0039003971
0.8927192688,0.0017474764
0.8680124283,-0.0013264954
0.8609911203,0.0051643830
0.8733804226,-0.0102476142
0.8969137669,-0.0009670230
0.8910942078,-0.0053108633
0.8653534651,-0.0042145173
0.8864161372,0.0119404132
0.8850330710,0.0089113610
0.8868786097,0.0108273868
0.8742814064,0.0084362440
0.8774628043,0.0381926447
0.8650110364,0.0081386603
0.8802736402,0.0166854504
0.8796254992,0.0229884051
0.8837931752,0.0224393345
0.8383328319,0.0010554786
0.8866062760,0.0168030057
0.8925839067,0.0067311446
0.8828884959,0.0207012892
0.8561584353,0.0239376705
0.8505983949,0.0140822120
0.8949107528,0.0103662135
0.8902348876,0.0069620032
0.8599801660,0.0006270134
0.8901705742,-0.0012670849
0.8904032707,0.0235436801
0.8645109534,-0.0179982334
0.8670711517,0.0262242202
0.8582628965,0.0015029953
0.8952789307,-0.0111605395
0.8992933631,0.0077411388
0.8598389626,0.0137257967
0.8902084231,-0.0146331871
0.8908149004,-0.0064678690
0.8821905255,0.0276194140
0.8749268651,0.0410627685
0.8486105800,-0.0259591509
0.8671568036,0.0175104793
0.8912326097,0.0086067412
0.8383477330,0.0366223305
0.8867715597,0.0278075989
0.8848649263,0.0096463822
0.8869034052,0.0132873738
0.8829941154,0.0041862186
0.8818242550,0.0190694984
0.8469462991,-0.0171713699
0.8906517029,-0.0137071609
0.8929638863,-0.0001985434
0.8881333470,0.0105550680
0.8699952960,-0.0115371859
0.8773514628,0.0214219373
0.8922113180,-0.0189684406
0.8986326456,-0.0007380617
0.8938101530,-0.0172255468
0.8443641663,0.0158093050
0.8392089605,0.0035827102
0.8902515769,0.0111788409
0.8801289201,0.0170042403
0.8790050149,-0.0025209165
0.8949171305,0.0098097492
0.8524255157,0.0465532392
0.8198962212,0.0025367998
0.8593837619,0.0034053584
0.8314260244,0.0334083550
0.8705945611,0.0022711386
0.8916832209,0.0110100815
0.8931725621,0.0075299744
0.8839966059,-0.0114637977
0.8656150103,0.0201638509
0.8813158274,-0.0032415432
0.8921851516,-0.0102666179
0.8846391439,-0.0270870551
0.8733114004,-0.0108875697
0.8848860860,-0.0307874512
0.8950010538,-0.0185089260
0.8904366493,-0.0236241911
0.8486034274,-0.0225567073
0.8349657655,-0.0355347395
0.8806605935,-0.0437262282
0.8848933578,-0.0226784572
0.8869776130,-0.0275771096
0.8794550896,-0.0118061518
0.8899341226,-0.0165064968
0.8902925849,-0.0098465327
0.8815351129,-0.0067118732
0.8937978148,-0.0020014308
0.8927019835,0.0144479275
0.8668217659,-0.0264794119
0.8621863127,-0.0052988059
0.8844882846,-0.0352724455
0.8860126734,-0.0072011985
0.8862206936,-0.0130393635
0.8815485239,-0.0058471551
0.8543179035,-0.0478788242
0.8776446581,-0.0154328104
0.8823246956,-0.0038200116
0.8685866594,-0.0291812290
0.8627516627,-0.0541501120
0.8826806545,-0.0512308478
0.8527873158,-0.0304863565
0.8669097424,-0.0450372025
0.8667251468,-0.0426596366
0.8738577962,-0.0230097137
0.8725983500,-0.0167654902
0.8146076202,-0.0579386093
0.8566129208,-0.0014700295
0.8604348302,-0.0224197991
0.8818970919,-0.0006695635
0.8972653151,-0.0043555284
0.8258683085,0.0015397334
0.8596157432,-0.0292934608
0.8645491004,0.0233101211
0.8856274486,-0.0206082072
0.8666304350,-0.0024305917
0.8910776377,-0.0023265523
0.8451566100,-0.0109783597
0.8697015643,-0.0099001508
0.8945985436,-0.0177452452
0.8516707420,-0.0287476275
0.8952940702,-0.0064676320
0.8705524206,-0.0096085863
0.8825148940,-0.0203683749
0.8737255335,-0.0241496675
0.8576806784,0.0026487389
0.8928957582,-0.0080331899
0.8783818483,-0.0303008966
0.8988592625,-0.0031740093
0.8588609099,-0.0109229963
0.8861464858,-0.0233865622
0.8859578967,-0.0116503518
0.8942106366,-0.0184558332
0.8837018609,0.0004312165
0.8912245035,0.0101286983
0.8765717745,-0.0016635559
0.8709582686,0.0094802482
0.8659507632,0.0401302911
0.8854818344,0.0280479938
0.8526612520,0.0235462748
0.8569605947,0.0179240052
0.8831874728,0.0183543488
0.8607509732,-0.0040387125
0.8725920320,0.0138754854
0.8917139173,0.0039889137
0.8968996406,0.0116134044
0.8670665026,-0.0093650250
0.8451270461,0.0037048194
0.8614014387,0.0200717617
0.8521578908,-0.0033685914
0.8624011874,0.0197156668
0.8330007195,0.0334868021
0.8973675370,0.0018696416
0.8781400919,-0.0046373745
0.8816519380,-0.0159702487
0.8747127652,-0.0220020059
0.8659734130,-0.0033443947
0.8992699981,-0.0139730051
0.8478344679,0.0217852425
0.8819001913,0.0347009450
0.8995854855,-0.0020598599
0.8517222404,0.0340333544
0.8876788616,0.0261675473
0.8864819407,0.0227037724
0.8865291476,0.0161843244
0.8864111304,0.0190411713
0.8501085043,-0.0085588321
0.8600807190,0.0237864684
0.8150534034,0.0082406281
0.8764912486,0.0167098772
0.8950362206,0.0121890623
0.8634360433,-0.0025279231
0.8888879418,-0.0085981451
0.8656857014,-0.0049105752
0.8662254214,0.0014001200
0.8657720685,0.0074971532
0.8845847249,0.0221497528
0.8821169138,-0.0144507568
0.8638916612,-0.0354986601
0.8808782101,-0.0260355454
0.8832902312,-0.0148079852
0.8871003985,-0.0193849094
0.8688200712,0.0137097295
0.8484967351,0.0137921888
0.8888235092,0.0126108658
0.8622728586,0.0103153968
0.8904089332,0.0124276150
0.8693660498,0.0033257732
0.8533654213,-0.0039428771
0.8813227415,0.0059405407
0.8853962421,0.0213219859
0.8753259182,0.0143873654
0.8648996353,0.0089327265
0.8694963455,0.0406428427
0.8863863945,0.0071926038
0.8908061981,0.0047830599
0.8676100969,-0.0247154273
0.8883341551,0.0078283474
0.8145003319,-0.0319614448
0.8843010664,0.0100201927
0.8707507849,0.0060487245
0.8501300812,0.0035472189
0.8945350051,0.0100859078
0.8903371096,0.0180424582
0.8864472508,-0.0023996029
0.8340294957,-0.0041491035
0.8918968439,-0.0166668370
0.8619457483,0.0206210874
0.8593609929,-0.0073510436
0.8633514047,0.0091583552
0.8745625615,-0.0133511191
0.8905327320,0.0185403936
0.8869654536,-0.0055687753
0.8718376160,0.0483039953
0.8726648092,0.0236399602
0.8566098809,-0.0009877481
0.8879821897,0.0077294726
0.8846888542,0.0132206809
0.8846982121,0.0224543661
0.8719509840,0.0568552166
0.8896690011,-0.0026801445
0.8625936508,0.0029784313
0.8844529390,0.0144897122
0.8831897378,0.0194226131
0.8701232076,-0.0035603202
0.8896517158,0.0025318009
0.8481027484,-0.0049774209
0.8528274894,-0.0177493319
0.8756830096,0.0290630888
0.8921148777,-0.0150548322
0.8628706336,-0.0156952068
0.8626300097,-0.0157685708
0.8792640567,-0.0080603613
0.8725723028,-0.0127642285
0.8632289171,0.0215661582
0.8537631631,-0.0055748057
0.8611642122,0.0312866680
0.8567168117,0.0414517894
0.8820134997,0.0306062717
0.8483210802,0.0001597501
0.8816342950,0.0238382034
0.8908032179,0.0228937231
0.8632576466,0.0218225960
0.8928049803,0.0217761192
0.8748767972,0.0398125611
0.8892016411,0.0028014276
0.8784271479,0.0081781438
0.8769863248,-0.0002196855
0.8770718575,-0.0126668476
0.8954246044,0.0008402952
0.8394793272,0.0189002119
0.8739455342,0.0014369123
0.8410318494,0.0033768583
0.8853247762,-0.0217557289
0.8899352551,-0.0069276793
0.8807862401,-0.0070889331
0.8631452322,0.0005327079
0.8649413586,-0.0051234276
0.8606048226,0.0154139008
0.8873829842,0.0246214941
0.8912507892,0.0156657696
0.8808994293,-0.0094959987
0.8451212049,-0.0136592910
0.8572875857,0.0108201532
0.8855946064,0.0192402769
0.8670274615,-0.0005610106
0.8686004877,-0.0000841871
0.8067147136,0.0179940760
0.8839069009,0.0279709883
0.8845457435,0.0179712251
0.8672585487,0.0369514301
0.8761976957,-0.0023042457
0.8950490952,0.0019149978
0.8912150264,-0.0045310189
0.8761285543,-0.0214848872
0.8336950541,0.0271349978
0.8897527456,-0.0089951474
0.8876262903,0.0015289196
0.8907108307,0.0016751147
0.8538948298,0.0054441951
0.8853890896,0.0003798622
0.8906573057,-0.0114717390
0.8461612463,-0.0333058499
0.8677846789,0.0080944300
0.8663060665,0.0441197455
0.8330551982,-0.0315762758
0.8914068341,-0.0041129459
0.8789132833,0.0313586406
0.8596082926,0.0262488760
0.8860274553,0.0142332613
0.8514177799,0.0690521076
0.8775000572,-0.0081552146
0.8740745187,-0.0231329426
0.8765572906,-0.0325620063
0.8815337420,-0.0088398345
0.8207167983,-0.0070441416
0.8852039576,-0.0219761152
0.8577162027,-0.0270764530
0.8820821643,-0.0020604713
0.8588711619,-0.0143688181
0.8647721410,-0.0205392987
0.8889399767,-0.0220758691
0.8585419655,0.0020207490
0.8683044910,-0.0208495613
0.8786455393,-0.0064059910
0.8665154576,-0.0181093402
0.8830255270,0.0074453996
0.8734142184,-0.0168303251
0.8549385071,0.0110900700
0.8909910321,0.0098917652
0.8690317273,-0.0057036681
0.8873358369,0.0055769254
0.8898019791,-0.0052332068
0.8841816783,0.0166827030
0.8631824255,-0.0091677839
0.8883534670,-0.0262207072
0.8871761560,-0.0168391820
0.8204936981,-0.0086504575
0.8622294664,-0.0230303854
0.8853065968,-0.0121994438
0.8776129484,0.0082784956
0.8803670406,-0.0248113163
0.8643849492,-0.0262706485
0.8869948983,-0.0161087569
0.8733394146,-0.0286085512
0.8615715504,-0.0345904306
0.8825928569,-0.0442750528
0.8841782212,-0.0093617635
0.8542788029,-0.0402736925
0.8706946969,-0.0295004845
0.8581407070,-0.0148609597
0.8660629988,-0.0150866881
0.8317759037,-0.0415653102
0.8669040203,-0.0439544991
0.8729512691,-0.0083192447
0.8958088756,-0.0116100442
0.8775922656,-0.0240900572
0.8837899566,-0.0045595686
0.8554809093,0.0134446369
0.8422518373,-0.0120844124
0.8836728930,-0.0134655414
0.8675439358,-0.0132018942
0.8834313154,-0.0181970242
0.8619070649,-0.0145742502
0.8925713301,-0.0083972337
0.8621312380,-0.0100714155
0.8589423895,-0.0216414779
0.8536013961,-0.0043214117
0.8769024014,-0.0003565415
0.8690592647,-0.0262069162
0.8899351358,-0.0125000374
0.8763897419,0.0011880439
0.8859384656,0.0013643999
0.8880845308,-0.0252581239
0.8878927827,-0.0348309688
0.8746994138,-0.0317030922
0.8877863884,-0.0254997071
0.8661073446,-0.0225961935
0.8260853887,0.0041543054
0.8906774521,0.0184007213
0.8906437755,0.0110906614
0.8644458652,-0.0306225549
0.8822577596,-0.0140200909
0.8249009848,0.0392032005
0.8901515007,-0.0133822598
0.8800857663,-0.0230224784
0.8840445280,0.0077384789
0.8527886271,-0.0191032272
0.8934846520,-0.0008090542
0.8794631958,0.0188840274
0.8768748641,-0.0049746740
0.8686194420,0.0000212995
0.8405199647,-0.0032584544
0.8866600990,-0.0086555742
0.8796990514,-0.0090546077
0.8908706307,-0.0112802414
0.8981909752,-0.0217352789
0.8880029321,-0.0086504417
0.8938384056,-0.0052092941
0.8475006819,-0.0320969895
0.8906263709,-0.0213115402
0.8478804827,-0.0321584865
0.8684123158,-0.0006706037
0.8188946247,0.0297279656
0.8754488230,-0.0012896840
0.8947148919,0.0011146800
0.8545110822,-0.0041640964
0.8712111712,0.0043279422
0.8679837584,0.0204503741
0.8591721654,0.0140435835
0.8672737479,0.0320656076
0.8706842065,0.0043951091
0.8862390518,0.0140645867
0.8705809116,0.0028621736
0.8818118572,0.0331517011
0.8597674370,0.0137842773
0.8788676858,0.0186474863
0.8879852295,0.0177846700
0.8529788852,0.0098775476
0.8753135800,-0.0070244842
0.8680194616,-0.0033090129
0.8817088008,-0.0055064764
0.8970637918,0.0021899191
0.9017935395,-0.0115991319
0.8708647490,-0.0190748014
0.8767644763,0.0096740853
0.8864174485,0.0200140532
0.8694549203,0.0212781485
0.8972037435,-0.0044138893
0.8903902769,0.0068654083
0.8949405551,0.0001566736
0.8957808018,0.0149607286
0.8931555748,0.0084302453
0.8795660734,0.0385411344
0.8597399592,0.0543145202
0.8863691688,0.0176238865
0.8762065768,0.0270895604
0.8906719089,0.0033575653
0.8796862364,0.0183507856
0.8582717776,0.0038926613
0.8653498292,0.0121312700
0.8667083979,0.0145326201
0.8681037426,0.0070353472
0.8705329299,0.0329100154
0.8719013333,0.0075364788
0.8674725294,0.0018303870
0.8535606265,0.0003888007
0.8722929955,-0.0134272007
0.8664605021,0.0084843896
0.8666090369,-0.0094872620
0.8860192299,0.0098006744
0.8802681565,-0.0284133423
0.8531523347,0.0152401188
0.8782845736,-0.0044661886
0.8813025355,0.0273957979
0.8850051165,0.0018378011
0.8862413764,0.0244093221
0.8124858141,0.0487439819
0.8902416825,0.0228205919
0.8654558659,0.0079498086
0.8653632998,0.0265801568
0.8851738572,0.0270751324
0.8728609681,0.0342100114
0.8654481769,0.0138384327
0.8738190532,0.0437388755
0.8764372468,0.0492646806
0.8530585766,0.0213481616
0.8634629846,-0.0029803414
0.8742482066,0.0304316487
0.8914529085,0.0015825969
0.8812409639,0.0130584184
0.8277977109,0.0152385188
0.8835920095,0.0333243199
0.8641301394,-0.0093648927
0.8940160871,0.0036831042
0.8830091357,0.0171702169
0.8658829927,-0.0288953129
0.8765493631,0.0076498389
0.8438286185,0.0153144365
0.8902868032,0.0021399825
0.8538498878,0.0223697573
0.8952423334,0.0040713162
0.8886879086,0.0090190582
0.8414214253,-0.0093507431
0.8931710124,0.0099217370
0.8546270132,-0.0062533855
0.8764756322,-0.0028399881
0.8735575080,-0.0074951537
0.8933922052,0.0014281832
0.8896448612,0.0163470134
0.8461911678,-0.0001491743
0.8918879628,-0.0160568245
0.8490291238,-0.0078453757
0.8896958232,-0.0097567812
0.8681735396,-0.0086506968
0.8632115126,0.0012788119
0.8652293682,0.0342815891
0.8926063180,-0.0083124153
0.8673630357,-0.0170015432
0.8915742040,-0.0127461832
0.8743915558,-0.0108465012
0.8705993295,-0.0400899798
0.8263663054,-0.0363653339
0.8792749047,-0.0334938131
0.8635031581,-0.0206305739
0.8759122491,-0.0024832012
0.8677738309,0.0061370865
0.8482934833,-0.0068098083
0.8946098685,-0.0084378980
0.8659881353,0.0081441589
0.8742982745,-0.0073846313
0.8638825417,0.0042080539
0.8600965738,-0.0229595322
0.8877544403,-0.0114698606
0.8796639442,0.0188194942
0.8850631118,0.0098657673
0.8762202859,0.0106598828
0.8919113278,-0.0136344424
0.8773065209,-0.0337784588
0.8530757427,0.0086478097
0.8740539551,-0.0258531887
0.8922417760,-0.0294682756
0.8419417143,-0.0024517162
0.8643759489,-0.0296844114
0.8703430295,-0.0247467496
0.8866882920,-0.0329192057
0.8545017838,-0.0265557971
0.8549647331,-0.0183157474
0.8445751667,-0.0034058457
0.8863446116,-0.0145216798
0.8789502978,-0.0105255116
0.8912886977,0.0211877935
0.8441254497,0.0333776660
0.8309024572,-0.0075177131
0.8654704094,-0.0027337573
0.8632225990,-0.0163384490
0.8707641959,-0.0318880938
0.8341493607,0.0116585009
0.8701273799,0.0253959168
0.8874747753,0.0173417907
0.8687000275,0.0049862145
0.8638881445,0.0253568236
0.8821289539,-0.0327589512
0.8683641553,-0.0359213389
0.8771846294,-0.0173568130
0.8411915898,-0.0354137681
0.8648601174,0.0065734768
0.8724327683,-0.0108362613
0.8697647452,0.0104999840
0.8924291730,-0.0161274150
0.8814764023,-0.0403043553
0.8695530891,-0.0135651538
0.8910485506,-0.0219511017
0.8873015642,-0.0168484859
0.8407448530,0.0194857437
0.8439309001,0.0106800236
0.8849350214,0.0033497021
0.8919505477,-0.0122799948
0.8801525235,0.0124729555
0.8798071146,-0.0117233219
0.8485701680,-0.0205489341
0.8358072042,-0.0084781032
0.8917434812,-0.0018577637
0.8237379193,0.0017301788
0.8891361356,-0.0206353050
0.8664196134,-0.0007599235
0.8906586170,-0.0113686267
0.8658267856,-0.0107778125
0.8702908754,-0.0191676319
0.8699348569,-0.0436498895
0.8255640268,0.0020545067
0.8306158781,-0.0238945708
0.8458214998,-0.0314221047
0.8813521862,0.0096942093
0.8951407075,-0.0215196032
0.8411729932,-0.0442492440
0.8707323074,-0.0352744348
0.8647843599,-0.0208323896
0.8680427670,-0.0261483453
0.8519830108,0.0064646350
0.8640723825,0.0286148563
0.8966187239,0.0050625708
0.8631074429,0.0069562159
0.8533807397,0.0097260755
0.8787140250,0.0411080234
0.8810130954,0.0029005634
0.8492107391,0.0221772790
0.8483766317,0.0090268767
0.8846247196,-0.0101026176
0.8916527629,-0.0014683472
0.8928411603,0.0078254743
0.8883388042,0.0134541979
0.8713160157,0.0288000070
0.8727934361,0.0026397272
0.8857910633,0.0006887339
0.8491585851,-0.0101587372
0.8542733788,-0.0042220601
0.8869546652,0.0212275237
0.8982236385,0.0012727657
0.8878846765,0.0072236154
0.8946747184,0.0027334958
0.8848248720,-0.0019215851
0.8711501360,-0.0273357835
0.8212044239,0.0224465337
0.8703740835,-0.0102995401
0.8764848113,0.0045365952
0.8789848685,-0.0034662145
0.8882714510,0.0204464495
0.8330348730,0.0028907582
0.8743248582,0.0405592471
0.8660361767,-0.0270661935
0.8769757152,0.0187002029
0.8703855276,-0.0012610664
0.8851995468,-0.0092013245
0.8680340648,-0.0255013611
0.8618143201,0.0174047556
0.8792370558,0.0087455437
0.8360598087,-0.0183661003
0.8861462474,0.0069744079
0.8626621962,0.0121616255
0.8762389421,0.0340777747
0.8940746188,0.0003360683
0.8925597668,0.0023083377
0.8970425129,0.0021880860
0.8721870184,0.0048111109
0.8603502512,0.0146208312
0.8851614594,0.0034716916
0.8549064398,-0.0118814893
0.8399491310,0.0002458341
0.8850446939,0.0000442893
0.8724275231,0.0136227459
0.8631044626,0.0235300194
0.8670637012,0.0175073724
0.8839120865,0.0388308167
0.8523323536,0.0312333629
0.8778875470,0.0305239651
0.8901754618,0.0158577710
0.7987101078,0.0073503405
0.8212534785,0.0341098979
0.8860446215,0.0157732628
0.8678077459,0.0124799954
0.8854852319,0.0133878971
0.8693544269,0.0200253259
0.8115284443,-0.0013405950
0.8579875231,0.0074071363
0.8901084661,-0.0006562743
0.8762512803,0.0253050607
0.8737003207,0.0027491811
0.8658004403,0.0059213112
0.8731549978,0.0062087746
0.8696857095,0.0008356167
0.8839700818,0.0114314333
0.8980548382,-0.0015169482
0.8795484900,-0.0165866353
0.8729885221,0.0390422344
0.8458970785,0.0271929540
0.8313701749,0.0151157621
0.8906259537,-0.0004880374
0.8829622269,0.0423140861
0.8745907545,0.0434729718
0.8560791016,0.0163419917
0.8725763559,0.0305186138
0.8746646643,0.0418801866
0.8788470626,0.0448700488
0.8694373369,0.0356608219
0.8758835196,0.0392976776
0.8775938749,0.0132148685
0.8910626769,0.0063992259
0.8599688411,0.0203917883
0.8465746045,-0.0105839930
0.8667438030,0.0040478017
0.8645092249,-0.0078709051
0.8579207063,-0.0205809586
0.8910357952,0.0141878510
0.8503534794,-0.0092626577
0.8931555152,-0.0096491538
0.8614186645,-0.0065253815
0.8935849667,-0.0047635124
0.8349598050,-0.0229657963
0.8596766591,-0.0101534911
0.8858145475,0.0109724440
0.8852313161,0.0198575258
0.8829543591,0.0082422243
0.8454996347,0.0576257333
0.8479560018,0.0182137880
0.8626766801,0.0206807964
0.8854338527,0.0271927398
0.8941123486,0.0191814508
0.8913188577,0.0129099339
0.8858835101,0.0222314782
0.8867089748,0.0228551794
0.8283452392,-0.0108765792
0.8437284231,0.0126350820
0.8709381819,0.0336014517
0.8878546953,0.0023981126
0.8611904383,-0.0080802012
0.8802499175,0.0282763280
0.8662189245,-0.0091726780
0.8734485507,-0.0075640874
0.8751202226,0.0054882490
0.8619701266,0.0059068543
0.8650286198,-0.0328573771
0.8628370166,-0.0255766157
0.8802655339,-0.0036499163
0.8422809243,-0.0100233629
0.8529416323,0.0033023346
0.8769227266,-0.0312477406
0.8958263397,-0.0007439660
0.8905595541,0.0146908490
0.8664581776,-0.0027594343
0.8473086953,-0.0123154195
0.8579662442,-0.0171239581
0.8655610681,0.0035908469
0.8720467687,-0.0252013709
0.8852967620,0.0174207501
0.8924733400,0.0021922116
0.8693351746,0.0186442118
0.8876019716,-0.0130191054
0.8770753741,-0.0152628804
0.8796209693,0.0042541241
0.8766310215,-0.0301075540
0.8874107003,-0.0132629974
0.8506554365,-0.0199961327
0.8651975989,0.0041103992
0.8753540516,-0.0319048166
0.8751359582,-0.0311121084
0.8735525608,-0.0386494473
0.8659816384,-0.0304496661
0.8881765604,-0.0268836301
0.8887956142,-0.0267441645
0.8841547370,0.0085752448
0.8684998751,-0.0053272154
0.8541958332,-0.0043455940
0.8662425280,-0.0143195959
0.8544740081,0.0022371202
0.8418923616,0.0212327261
0.8859142661,-0.0030642059
0.8842412233,-0.0143510215
0.8720554113,-0.0445804708
0.8833772540,-0.0038492219
0.8763564825,-0.0013039957
0.8613423705,-0.0183834657
0.8851399422,-0.0131855253
0.8720089197,0.0042464877
0.8327624202,-0.0099888118
0.8741662502,-0.0428988375
0.8880861998,-0.0175046045
0.8802629113,-0.0420246013
0.8883450627,-0.0273579489
0.8541556001,-0.0403340980
0.8596091270,-0.0029914216
0.8663501740,-0.0319603421
0.8802981377,-0.0187543295
0.8289827108,-0.0079361368
0.8614062667,-0.0411745235
0.8765577674,-0.0028247270
0.8731756806,-0.0092156772
0.8560016751,-0.0271838475
0.8648906946,0.0229677614
0.8895050287,-0.0054399823
0.8768400550,0.0099320291
0.8604389429,-0.0133950645
0.8581453562,-0.0136706233
0.8906961083,0.0035471413
0.8586683273,-0.0238890760
0.8595640659,0.0150111113
0.8665901423,-0.0222608075
0.8676236868,-0.0399737619
0.8714699745,-0.0317136608
0.8909571171,-0.0395561121
0.8602968454,-0.0323725902
0.8649310470,-0.0099020740
0.8632577062,0.0037301497
0.8903528452,-0.0090868892
0.8922647238,-0.0212747678
0.8439144492,-0.0049678935
0.8571752310,-0.0326156467
0.8191437721,-0.0284361728
0.8835471272,-0.0205858666
0.8868907690,-0.0150397224
0.8988047838,-0.0003654624
0.8792284131,0.0232229680
0.8785417676,-0.0203583613
0.8597791791,0.0068130577
0.8914445639,0.0002358877
0.8569054604,0.0087244585
0.8875687122,0.0051560369
0.8422120810,-0.0143313678
0.8823242784,0.0143164825
0.8588226438,0.0206851568
0.8764106035,0.0396720618
0.8843864202,0.0175323281
0.8682495952,-0.0081489477
0.8727290034,-0.0012879183
0.8688529730,0.0017530925
0.8721680641,-0.0065870523
0.8357048035,-0.0357581973
0.8732442856,-0.0045569632
0.8507185578,0.0049739718
0.8853277564,0.0126107438
0.8666766286,0.0007538996
0.8372197151,-0.0213458091
0.8482497334,-0.0110114831
0.8970496058,-0.0020879770
0.8555697203,0.0164781846
0.8725370169,0.0134339826
0.8198693991,0.0184010603
0.8561115265,0.0161250997
0.8464658260,0.0007302655
0.8708416820,0.0349011347
0.8558281660,0.0293754842
0.8148905635,0.0329538248
0.8518182635,0.0238930974
0.8764253259,0.0232061725
0.8580650687,0.0163288098
0.8736280203,0.0485227033
0.8111910224,0.0298739932
0.8641972542,0.0202948656
0.8869776130,0.0160066728
0.8817998767,0.0246402454
0.8586549759,0.0411385596
0.8831607699,0.0199162699
0.8916714787,0.0192193724
0.8691256642,0.0168204773
0.8799142241,0.0337564647
0.8767029047,-0.0292778015
0.8928993344,0.0083962968
0.8944550753,-0.0052927905
0.8682555556,-0.0004577418
0.8562054634,0.0294659268
0.8643535972,0.0248754770
0.8778188229,0.0158349145
0.8760529757,0.0209018327
0.8022794724,0.0033959420
0.8656965494,0.0223752595
0.8612122536,0.0309881605
0.8578692675,0.0109832063
0.8584452271,0.0163989887
0.8514036536,0.0273145195
0.8858049512,0.0154702235
0.8654706478,0.0623449050
0.8409694433,0.0164500102
0.8810313344,-0.0253206864
0.8852941990,0.0230412912
0.8640369177,0.0164111033
0.8853403330,0.0193936750
0.8661565185,0.0009993115
0.8919365406,-0.0173707195
0.8919162750,-0.0018496094
0.8835244179,0.0156214153
0.8976144195,0.0062080342
0.8874910474,-0.0478984192
0.8838788271,-0.0013400493
0.8570693731,-0.0050820848
0.8853699565,-0.0076162391
0.8949393034,-0.0022053730
0.8930025101,0.0087146973
0.8948385715,0.0095913988
0.8898797631,0.0193275549
0.8851782084,0.0185321253
0.8835585117,0.0207389221
0.8824391961,0.0079069259
0.8828733563,-0.0184125435
0.8891001940,0.0125075988
0.8915470243,0.0006069627
0.8594297767,-0.0152635509
0.8821471334,-0.0119040599
0.8775447011,0.0055396417
0.8751903176,0.0083394395
0.8863402605,-0.0132810799
0.8682424426,0.0158396363
0.8465546370,-0.0142595265
0.8306499720,-0.0286827069
0.8605419993,-0.0356236808
0.8881213069,-0.0243607033
0.8781798482,-0.0253314096
0.8552913666,-0.0355443917
0.8685443401,-0.0195236672
0.8533000946,-0.0217863396
0.8881198168,-0.0239726454
0.8658182025,-0.0108803501
0.8799672723,0.0040954631
0.8924521208,-0.0038153639
0.8422160149,-0.0037762488
0.8476006985,-0.0206967033
0.8635150194,0.0176038072
0.8941466808,-0.0106913224
0.8476027250,-0.0043915189
0.8673831820,0.0338299796
0.8739526868,-0.0318738818
0.8457359076,-0.0030882973
0.8878335953,-0.0044558602
0.8717865944,-0.0253108591
0.8918882608,-0.0179131422
0.8474290967,-0.0117766280
0.8627376556,-0.0123651018
0.8459205627,-0.0391210541
0.8964208364,-0.0088523133
0.8853970170,-0.0175670777
0.8930226564,-0.0172936898
0.8744536638,-0.0296278391
0.8658974767,-0.0160203408
0.8173859119,-0.0192590840
0.8734241724,-0.0333529450
0.8581601381,-0.0092049623
0.8617655039,0.0007901610
0.8511938453,0.0324282721
0.8906967640,0.0032097118
0.8353671432,-0.0047320700
0.8947048187,0.0054864101
0.8333139420,0.0633917972
0.8745517731,0.0201576967
0.8401784301,-0.0058532907
0.8530800343,0.0236097202
0.8781621456,0.0198005959
0.8904032707,0.0109458612
0.8693897724,0.0095385006
0.8849576116,-0.0180341657
0.8728955388,-0.0073773842
0.8850932717,0.0103134103
0.8756078482,-0.0066082892
0.8611851335,-0.0215247739
0.8474257588,-0.0246828720
0.8755286336,-0.0224783607
0.8477303386,-0.0003172446
0.8514899611,-0.0206640437
0.8810819387,0.0117000528
0.8781936169,-0.0291042905
0.8970202804,-0.0414548703
0.8759042025,-0.0020257840
0.8390215039,-0.0267543290
0.8095467687,0.0276715476
0.8442842364,0.0153353419
0.8481323719,-0.0115863876
0.8862915635,0.0021926826
0.8800030947,0.0302788038
0.8463490605,0.0311140269
0.8708605766,-0.0102647459
0.8618624806,-0.0043965308
0.8809757233,0.0343346782
0.8588492274,0.0381915532
0.8795937896,0.0194065962
0.8600918651,0.0425267182
0.8575362563,0.0232781488
0.8884546161,0.0060490654
0.8924285173,-0.0105581833
0.8693843484,-0.0258631520
0.8504188061,0.0124040404
0.8854327202,0.0037914119
0.8738660812,0.0100917509
0.8597323895,-0.0014798968
0.8495974541,0.0024758284
0.8824608326,-0.0225549825
0.8843138814,-0.0019854105
0.8907842040,-0.0274770614
0.8831053376,-0.0163478237
0.8620659709,-0.0040524197
0.8882662654,0.0187212545
0.8951964974,0.0010488252
0.8401053548,0.0055180555
0.8666686416,-0.0159541965
0.8720158339,0.0072913808
0.8481295109,-0.0235265549
0.8642410040,-0.0004008928
0.8643388152,0.0015347492
0.8889058232,0.0160746537
0.8790840507,0.0374992862
0.8852555156,-0.0197700355
0.8661764264,-0.0081509994
0.8514684439,-0.0232370216
0.8668440580,-0.0317512006
0.8546619415,-0.0029358470
0.8836826682,0.0103231240
0.8429150581,0.0238298550
0.8293588161,0.0331774876
0.8649938703,-0.0238853041
0.8838117123,-0.0277910754
0.8885200620,-0.0351390913
0.8834811449,-0.0215381216
0.8580456376,-0.0464906767
0.8915948868,-0.0195941273
0.8919706941,-0.0179103594
0.8932150602,-0.0088094892
0.8590372205,0.0140319979
0.8569783568,-0.0086456351
0.8879320025,-0.0072186128
0.8416438699,-0.0104165412
0.8467903137,-0.0108573623
0.8857001662,-0.0339656919
0.8885154724,-0.0167355016
0.8663682342,-0.0207447633
0.8866053224,-0.0257053468
0.8907085061,-0.0095102079
0.8768591285,-0.0264248420
0.8709216118,-0.0396932624
0.8761927485,0.0010432223
0.8621594310,-0.0264138430
0.8792154193,-0.0243271515
0.8418983221,-0.0276143551
0.8635880947,-0.0388605632
0.8857049346,-0.0105509255
0.8538699746,-0.0479935817
0.8854389787,-0.0312149487
0.8490321636,-0.0269101392
0.8908181787,-0.0303394683
0.8924992681,-0.0223356634
0.8760703802,-0.0141768232
0.8247131705,0.0076036011
0.8443417549,-0.0239809453
0.8663074970,0.0430327654
0.8605250120,0.0172526259
0.8775701523,0.0293421224
0.8837757111,0.0112842778
0.8574019670,-0.0268890169
0.8749480247,0.0355596058
0.8719367385,-0.0126287211
0.8595074415,0.0210986640
0.8501169682,0.0249249786
0.8382070661,-0.0020384975
0.8898057938,0.0084751798
0.8839455843,-0.0181657784
0.8853888512,-0.0039883270
0.8690974712,-0.0114572803
0.8790357113,-0.0155967847
0.8624541759,0.0136509100
0.8887338638,0.0147891818
0.8900718689,0.0152724059
0.8574669957,0.0082362667
0.8902364373,-0.0107764518
0.8897767663,0.0030594503
0.8498405814,0.0016680481
0.8863216639,0.0043763472
0.8580567837,0.0253563803
0.8549058437,0.0134975938
0.8573865891,0.0717614442
0.8585899472,0.0268552303
0.8507258892,0.0207546875
0.8333392739,0.0329096615
0.8593727946,-0.0054207710
0.8817938566,0.0302985553
0.8432525396,0.0266773999
0.8691082597,0.0151176350
0.8461607695,0.0297217183
0.8702411056,0.0402847305
0.8450493813,0.0282728858
0.8278928399,0.0061575407
0.8768231869,0.0159118045
0.8623598814,0.0240475163
0.8710504174,0.0011947205
0.8806742430,-0.0057813087
0.8553059101,-0.0124914879
0.8197688460,0.0122800870
0.8778909445,-0.0004775892
0.8751317263,0.0194370020
0.8657436371,0.0067305812
0.8758450150,0.0224887077
0.8561445475,0.0131233092
0.8519330621,0.0351188034
0.8853774667,0.0196881648
0.8750702739,0.0269661099
0.8418177366,0.0519739874
0.8411021829,0.0337664336
0.8375164270,0.0103152236
0.8845050335,-0.0103695067
0.8700113297,-0.0242229477
0.8666976094,0.0008698256
0.8842549920,-0.0085275667
0.8632258773,-0.0324912965
0.8492861986,0.0034705857
0.8628928661,-0.0139503581
0.8238019943,-0.0246791560
0.8524399400,-0.0378394611
0.8897720575,-0.0164511316
0.8666815162,-0.0258666854
0.8649371862,-0.0173995420
0.8552725911,0.0067237392
0.8940290809,-0.0147004863
0.8823005557,0.0068384516
0.8712713718,-0.0287501216
0.8637050986,-0.0204100162
0.8343776464,-0.0392880477
0.8722898960,-0.0122626526
0.8905600905,-0.0115921833
0.8783590794,-0.0080185961
0.8688590527,-0.0202954281
0.8799501657,-0.0111669758
0.8823850751,-0.0249165967
0.8660667539,-0.0323267207
0.8777322769,-0.0464697704
0.8582818508,-0.0746177509
0.8682906628,-0.0492033213
0.8660264015,-0.0634347871
0.8226529956,-0.0567359440
0.5000000000,0.0000000000
0.5000000000,0.0000000000
0.5000000000,0.0000000000
0.5000000000,0.0000000000
0.5000000000,0.0000000000
0.0000000000,-1.5000000000
0.0000000000,-1.5000000000
0.0000000000,-1.5000000000
0.0000000000,-1.5000000000
0.0000000000,-1.5000000000
0.0000000000,-1.5000000000
0.0000000000,-1.5000000000
0.0000000000,-1.5000000000
0.0000000000,-1.5000000000
0.5000000000,0.0000000000
0.5000000000,0.0000000000
0.5000000000,0.0000000000
0.5000000000,0.0000000000
0.5000000000,0.0000000000
0.5000000000,0.0000000000
0.5000000000,0.0000000000
0.5000000000,0.0000000000
0.5000000000,0.0000000000
0.5000000000,0.0000000000
