0.9224747539,-0.2341120003
0.9471521429,-0.1616393690
0.9691429059,-0.0954447703
0.4836400007,1.2033750489
0.5076531460,1.1659837090
0.5298454183,1.1298169864
0.5542399279,1.0882761302
0.5768856370,1.0480399616
0.5896621184,1.0246282231
0.6010342975,1.0033583639
0.6110304858,0.9843265519
0.6196660136,0.9676325780
0.9301751284,-0.2117028663
0.7000000000,-0.3766331911
0.7000000000,-0.2937497139
0.7000000000,-0.2323298693
0.7000000000,-0.1671411932
0.7000000000,-0.0657413244
0.7000000000,0.0170283377
0.7000000000,0.0715562519
0.7000000000,0.1598926395
0.7000000000,0.1811820775
0.7000000000,0.1984765887
0.7000000000,0.2177347228
0.3387125731,1.6380943060
0.3894734681,1.5499192476
0.4102114439,1.5055515766
0.4297997355,1.4647539854
0.4755098820,1.3871302605
0.5732306838,1.2732961178
0.6036452651,1.2332264185
0.6837466359,1.1646982431
0.7805076838,1.0831236839
0.8948920369,1.0351973772
0.8872717619,0.9925412536
0.8937484622,0.9492306709
0.8761343956,0.9038923383
0.7677119374,0.8353787065
0.6544489861,0.8037175536
0.5339035988,0.7233601213
0.3705362976,0.4938155711
0.3291579187,0.3559319377
0.3283428252,0.3099412918
0.2210650742,-0.8342705369
0.2354573309,-0.8151805997
0.2101192623,-0.8444675803
0.2157530487,-0.8363452554
0.2331207097,-0.8201602101
0.2656051815,-0.7909531593
0.3042467237,-0.7480919361
0.3198193312,-0.7317401767
0.3411684632,-0.7098624110
0.3378034532,-0.7179333568
0.3493131697,-0.7068970203
0.3815405369,-0.6878326535
0.4303106368,-0.6513617039
0.5754583478,-0.1912313849
0.6036760211,-0.1099381000
0.6007226706,-0.0956446454
0.6077694297,-0.1005476043
0.6310243607,-0.0861100554
0.6233865023,-0.0966335237
0.6674845219,-0.0832412243
0.6689587831,-0.0354628004
0.6191866994,-0.0711876228
0.6572675705,-0.0507349372
0.6497024894,-0.0131371291
0.6943701506,0.0240928233
0.6968519688,-0.0105599277
0.6687971950,0.0540160462
0.6575664282,0.0327665880
0.8144530654,0.0484692752
0.8683080673,0.0746194944
0.8427790999,0.0838459730
0.8196668625,0.0974664241
0.8212734461,0.0987428501
0.7914000154,0.0926859826
0.8330020905,0.1129208803
0.8063204885,0.1197987050
0.8087174296,0.1441346705
0.8015867472,0.1473836452
0.8053525686,0.1291312724
0.7696194649,0.1031531915
0.8007155061,0.1109197736
0.8320733905,0.1070480272
0.8135744929,0.1319128573
0.7000000000,0.2332187355
0.7000000000,0.2117711142
0.7000000000,0.2318514049
0.7000000000,0.2119982377
0.7000000000,0.2245574802
0.7000000000,0.1791944861
0.7000000000,0.1635169446
0.7000000000,0.1596137494
0.7000000000,0.1663961396
0.7000000000,0.1532847866
0.7000000000,0.1556678101
0.7661360502,1.5283180475
0.7250159979,1.4382408857
0.6156401634,1.4112683535
0.4516210556,1.5390712023
0.4203756154,1.4820647240
0.4866672158,1.4046301842
0.4243549407,1.2600468397
0.4216955900,1.2328801155
0.3446683288,1.4205442667
0.3192680776,1.3159143925
0.3131783605,1.2402443886
0.4568183124,1.6281158924
0.4185543358,1.5696955919
0.5519703031,1.5347321033
0.5123561621,1.6076161861
0.5685774088,1.5038230419
0.5764411688,1.4646962881
0.5755872726,1.4510293007
0.5696738362,1.4077932835
0.5901059508,0.1700210273
0.5503819585,0.2536500096
0.5129746199,0.2498355210
0.4965405166,0.2635922730
0.4925999045,0.2566786110
0.4795484543,0.3145588636
0.4703420997,0.3014738262
0.4372938573,0.3429352939
0.4965802431,0.3409509659
0.4514234960,0.3686293662
0.4790285528,0.3433813453
0.4580644667,0.3677847087
0.5030149221,0.2575723529
0.4947690964,0.3162490427
0.5299329162,0.2415093631
0.5285673738,0.2473118305
0.5565060973,0.2202474475
0.5454520583,0.2154287398
0.5427198410,0.2221217453
0.5802655816,0.1743615121
0.5898866057,0.1836083531
0.5769724846,0.1375888586
0.6073964238,0.1462626904
0.5960099101,0.1406633109
0.5876914859,0.1276573539
0.6339651346,0.1188053861
0.6489378214,0.0837380216
0.6480588317,0.0796453208
0.6722043157,0.0511720516
0.6766338348,0.0504367463
0.6736760736,0.0097639533
0.6707907915,0.0305090696
0.6067032218,0.0373644717
0.6819336414,0.0242810827
0.6578396559,0.0246983040
0.8780029416,0.0102690877
0.8086677790,0.0140510667
0.8380385637,0.0328824446
0.8314949870,-0.0881490782
0.8279905319,-0.0960008875
0.7993817925,-0.0903673992
0.7607424855,-0.1607710719
0.7553716898,-0.0175451580
0.7118771076,-0.1030803472
0.6932610869,-0.2495363504
0.7876129150,-0.1209802479
0.8208057880,-0.1226733997
0.8150568604,-0.1191021129
0.8232273459,-0.1002002358
0.8199722767,-0.0473227054
0.8340348005,-0.0196874216
0.8740974665,-0.0388552547
0.8112218380,-0.0682719201
0.8366362453,-0.0430342779
0.8734759688,-0.0315676108
0.8639103174,-0.0603412949
0.8662275076,-0.0221603364
0.8284816742,-0.0666892529
0.8507935405,-0.0311848912
0.8391993046,-0.0630487427
0.8527906537,-0.1008697823
0.8731312752,-0.0512448810
0.8409768939,-0.0277464930
0.8617202044,-0.0184551459
0.8159419298,-0.0291181765
0.8293721080,-0.0887469798
0.8155517578,-0.1085116565
0.8543998599,-0.0849625841
0.8292365670,-0.0969172269
0.8400108218,-0.0471067391
0.8324390054,-0.0247821026
0.8783292770,-0.0490665399
0.8734949231,-0.0345522128
0.8744494915,-0.0239997283
0.8283973336,-0.0230410881
0.8338195086,-0.0065869573
0.8385860920,-0.0055680647
0.8370457888,-0.0160813574
0.8782650828,-0.0003530022
0.8729113340,-0.0062737227
0.8753321767,-0.0326932631
0.8762089610,-0.0002089463
0.8614293933,-0.0078693284
0.8549723029,-0.0194516014
0.8844628334,-0.0054063392
0.8702046871,0.0059706164
0.8692953587,0.0396417864
0.8032109141,0.0700735971
0.8553552628,0.0751516521
0.8252773881,0.1120690927
0.7954549193,0.1615001261
0.8745744228,0.0453915186
0.8269907832,0.0059355353
0.8536023498,0.0353563987
0.8357852697,-0.0222329199
0.8792411685,-0.0066987374
0.8619280457,-0.0289236233
0.8593946695,-0.0168036819
0.8814229369,-0.0480927192
0.8808419704,0.0014541092
0.8489454389,-0.0030843508
0.7000000000,0.1241085757
0.7000000000,0.1256529655
0.7000000000,0.0828098286
0.7000000000,0.0900961891
0.7000000000,0.1130100045
0.7000000000,0.1174344610
0.7000000000,0.1320103057
0.7000000000,0.1414771661
0.7000000000,0.0619653560
0.7000000000,0.0692967311
0.7000000000,0.0727334175
0.7629110813,1.3937468529
0.7582435012,1.3738027811
0.5037561655,1.1758137941
0.4149066508,1.3431671858
0.4964346588,1.5528589487
0.3653437197,1.2277448177
0.3997465074,1.3349075317
0.4031745493,1.3311514854
0.3828387856,1.5766429901
0.3801932633,1.3646697998
0.3238705695,1.3353185654
0.4719909132,1.5796514750
0.4665516615,1.5833007097
0.4561879933,1.6003391743
0.4990381896,1.5864629745
0.5159299970,1.5265040398
0.5236083865,1.4800565243
0.5390871167,1.4492106438
0.5755637884,1.4425524473
0.5629346371,0.2105766535
0.5629580617,0.1833333969
0.5102528334,0.2471546531
0.4715190232,0.2734696865
0.4707956016,0.3322673142
0.4277480543,0.3891454935
0.4399354458,0.3583710194
0.4492731094,0.3713486791
0.4566803575,0.3412266672
0.4214008749,0.3811634183
0.4506326616,0.3704248071
0.4891301692,0.2887546718
0.4895616770,0.3041473329
0.4818848968,0.2777971029
0.5444357991,0.2333011925
0.5178922415,0.2648775578
0.5221894383,0.2474370301
0.5196776390,0.2780308723
0.5731298923,0.1966773272
0.5383571982,0.2292330414
0.5000000000,0.0000000000
0.5000000000,0.0000000000
0.5000000000,0.0000000000
0.5000000000,0.0000000000
0.5000000000,0.0000000000
0.0000000000,-1.5000000000
0.0000000000,-1.5000000000
0.0000000000,-1.5000000000
0.0000000000,-1.5000000000
0.0000000000,-1.5000000000
0.0000000000,-1.5000000000
0.0000000000,-1.5000000000
0.0000000000,-1.5000000000
0.5000000000,0.0000000000
0.5000000000,0.0000000000
0.5000000000,0.0000000000
0.5000000000,0.0000000000
0.5000000000,0.0000000000
0.5000000000,0.0000000000
0.5000000000,0.0000000000
0.5000000000,0.0000000000
0.5000000000,0.0000000000
0.5000000000,0.0000000000
0.5000000000,0.0000000000
0.5000000000,0.0000000000
0.5000000000,0.0000000000
0.5000000000,0.0000000000
0.5000000000,0.0000000000
0.5000000000,0.0000000000
