0.8751059175,0.0041885586
0.9508226514,0.0084457779
0.8862831593,0.0912898555
0.8100485206,0.1693629324
0.7095560431,0.2694195807
0.6200219393,0.3676632643
0.6716713309,0.2804569602
0.6389967203,0.3380234540
0.5863856673,0.4046343863
0.5697716475,0.4291638136
0.5488899946,0.4529745877
0.5272971988,0.4747694433
0.5214961171,0.4770897925
0.5191427469,0.4739462435
0.5042173266,0.4891183674
0.5064721704,0.4878249466
0.5233386755,0.4731156826
0.5146823525,0.4830836952
0.4929232895,0.4998528063
0.5141705871,0.4786254168
0.5406848192,0.4544211328
0.5752764940,0.4185438156
0.6013740897,0.3954258859
0.6098144650,0.3759245872
0.6132650971,0.3764199317
0.6516226530,0.3455001712
0.6723760962,0.3238169551
0.7051421404,0.2899414599
0.7324644923,0.2649384737
0.7443674207,0.2461373508
0.9703390002,0.2286866158
0.9797005653,0.2214587927
0.9953123927,0.2096520811
1.0272903442,0.1901501268
1.0569610596,0.1566973329
1.0918686390,0.1235506535
1.1094917059,0.0788697377
1.1220142841,0.0576996803
1.1360982656,0.0251063108
1.1379650831,-0.0098319920
1.1345301867,-0.0324051678
1.1093671322,-0.0797242597
1.0573960543,-0.1259085238
1.0231174231,-0.1576842517
0.9859063625,-0.1966169626
0.7320753932,-0.1889939308
0.7830076814,-0.2165537328
0.7988664508,-0.2064828873
0.7268862128,-0.2614960372
0.7416793704,-0.2738460302
0.6939435005,-0.2307887971
0.7039807439,-0.2321860492
0.7247987986,-0.2405323237
0.7748059630,-0.2295377553
0.7427580357,-0.2029508203
0.7661114335,-0.2541645765
0.7404503822,-0.2245108783
0.7530333996,-0.1835069656
0.8209308386,-0.1712891310
0.7760636210,-0.1275621206
0.8630084395,-0.0635992512
0.7875971794,-0.0299373604
0.8386895061,-0.0878499672
0.8661708236,-0.0361201055
0.8803809285,0.0054257964
0.8484188914,0.0138204489
0.7594302297,-0.0229212884
0.8429268599,-0.0054102675
0.8881570101,0.0053867544
0.8530479670,-0.0041207168
0.8585937619,-0.0985973254
0.8602541089,-0.0385977030
0.8850733042,-0.0030932801
0.8626764417,-0.0088247843
0.8818317056,-0.0081146052
0.8524351120,-0.0525579490
0.8634601235,0.0300005004
0.8623967767,0.0242484212
0.8623445034,0.0082685929
0.8680301309,0.0521562323
0.8623819351,0.0783041269
0.8363655210,0.0770117119
0.8548734784,0.0879163072
0.8647097349,0.0691527575
0.8306465745,0.0892237127
0.8310366869,0.1345316023
0.8194993734,0.1043562219
0.8347749114,0.0649955347
0.8702269793,0.0306556690
0.8477147222,0.0325060971
0.8313485384,0.0452013090
0.8647169471,0.0516685657
0.8630915284,0.0174518358
0.8678358793,0.0694215000
0.8710466623,0.0633028820
0.8619158268,0.0639802143
0.8474413753,0.0384006090
0.8566077948,0.0784917101
0.8565446138,0.0306289680
0.8697851896,0.0446194969
0.8420247436,0.0370770022
0.8490158319,0.0730340183
0.8457954526,0.0351526625
0.8659411073,0.0494098775
0.8237282038,0.0314346701
0.8642508984,0.0361954980
0.8605764508,-0.0083179940
0.8384983540,0.0429100581
0.8759619594,0.0231766682
0.8775013685,0.0106379827
0.8825529218,0.0118765309
0.8898685575,0.0095921038
0.8768429756,0.0112527674
0.8784515858,0.0264970176
0.8744890094,-0.0003539317
0.8558707237,0.0156088900
0.8507669568,0.0222928878
0.8222916126,0.0077606761
0.8788062334,0.0256951917
0.8535123467,0.0107883811
0.8756738305,0.0408425368
0.8595975637,0.0224953350
0.8414701819,0.0472465716
0.8549019694,0.0883252397
0.8886277080,0.0074786143
0.8610606194,0.0263050292
0.8657484651,0.0054954113
0.8834125996,0.0219559744
0.8773046136,0.0091156978
0.8832302690,0.0158540793
0.8807587624,0.0168736465
0.8692708611,-0.0170958247
0.8894969225,0.0123826163
0.8816863298,0.0280325431
0.8747149110,0.0139736915
0.8703374267,0.0144315017
0.8359169960,-0.0329101309
0.8546207547,0.0321872495
0.8749598861,-0.0404836796
0.8214784265,0.0011787616
0.8495606184,-0.0467351526
0.8843876123,0.0015989494
0.8658692837,-0.0094284397
0.8896487355,0.0058571966
0.8099616766,-0.0885113850
0.8243854642,-0.1292642951
0.8548704982,-0.1080414876
0.8527214527,-0.0591875613
0.7000000000,0.0681090876
0.7000000000,-0.0272305962
0.7000000000,-0.0200322755
0.7000000000,0.1405091137
0.7000000000,0.1009517312
0.7000000000,0.0459516831
0.7000000000,0.1429019570
0.7000000000,0.2198219895
0.7000000000,0.1889804006
0.7000000000,0.2946668267
0.7000000000,0.3741056025
0.4690417349,1.8556054831
0.4905988872,1.7526172400
0.4616283774,1.7704256773
0.4292238057,1.6600644588
0.4664760530,1.7868590355
0.4644212127,1.7047573328
0.4801581502,1.7077749968
0.4481948614,1.7355051041
0.4507744312,1.7395498753
0.4251341522,1.6915653944
0.5496355295,1.5898211002
0.5643550754,1.5414639711
0.5812184811,1.5228426456
0.6610355377,1.4433752298
0.6365313530,1.4587570429
0.6400448680,1.4293717146
0.6133532524,1.3971252441
0.6536067724,1.3655892611
0.6918560863,1.2585163116
0.7269834280,1.2066786289
0.7822840214,1.0513730049
0.7041394711,0.9587347507
0.6473116279,0.7689117789
0.4685145020,0.8412237167
0.4856550992,-0.2058006078
0.4957862496,-0.2523365021
0.4614815116,-0.2837837040
0.4497914016,-0.2881355584
0.4513212144,-0.2993588746
0.4782156348,-0.3286031187
0.5028837919,-0.2540901005
0.5347408056,-0.2248318344
0.5068042278,-0.2804307640
0.5332190990,-0.2580159903
0.5834164023,-0.2158613205
0.5584127307,-0.2299176455
0.5890099406,-0.2110419273
0.5954937339,-0.1642617732
0.5912810564,-0.1386108994
0.6136353612,-0.1519204676
0.6212500930,-0.1237682998
0.6608265042,-0.0731598809
0.6332437396,-0.1153734103
0.6477548480,-0.0636482313
0.6364967823,-0.0804101527
0.6516854167,-0.0734284446
0.6681903005,-0.0862063095
0.6512666345,-0.0585006215
0.8584835529,-0.0741027668
0.8491124511,-0.0375794284
0.8579398394,-0.0298263114
0.8450001478,-0.0449938327
0.8603499532,0.0824460536
0.8480482101,0.0062061646
0.8031532168,0.1082202122
0.8158799410,0.0938757658
0.8219848871,0.0445214659
0.7867738008,0.0661349297
0.8458917141,0.0991239250
0.7832530737,0.1127033979
0.8328183293,0.1083566025
0.8535777926,0.0425337553
0.8574295640,0.0366566740
0.8574605584,0.0882926881
0.8280436993,0.0637220517
0.8266037703,0.0924104974
0.8104894161,0.0656631961
0.8510169983,0.0637611076
0.8008964658,0.0608784594
0.8626489043,0.0820427909
0.8500671983,0.0656833127
0.8526686430,0.0998958349
0.8525839448,0.0566211119
0.8602988124,0.0707170814
0.8648615479,0.0586431324
0.8519859314,0.0438033193
0.8781880140,0.0132543659
0.8253695965,0.0886702240
0.8504221439,0.0661398545
0.8132756948,0.0534940101
0.8506996036,0.0675258487
0.8406693339,0.0293012466
0.8570444584,0.0716879815
0.8595122099,0.0620541200
0.8143370748,0.1528131366
0.8579896092,0.0847252309
0.8146576285,0.1236739606
0.8558029532,0.0875633359
0.8545389771,0.0649954304
0.8695827127,0.0467057787
0.8766180873,0.0374707021
0.8678123951,0.0506038815
0.8718786240,0.0445664860
0.8509356976,0.0347811095
0.8763988018,0.0383775830
0.8666461110,0.0501956157
0.8317843080,0.0773488581
0.7958247066,0.1169264317
0.8320231438,0.0667297319
0.8123224974,0.0587235764
0.8263365030,0.0363075435
0.8655024767,0.0730755255
0.8825871944,0.0220575333
0.8751865625,0.0285751820
0.8645325899,0.0001348542
0.8289529085,-0.0029372498
0.8585416675,-0.0227295719
0.8225636482,-0.0586855412
0.8560072780,-0.0664246082
0.8669617176,-0.0582786836
0.8447918296,-0.0549404696
0.8501945138,-0.0425560474
0.8463371396,-0.0932013392
0.8543657660,-0.0685686618
0.8520051241,-0.0606292486
0.8492280245,-0.0549748205
0.8158307076,-0.0367157795
0.8600530624,-0.0733526275
0.8394437432,-0.0717617124
0.8278545737,-0.0641917288
0.8502115607,-0.0725573301
0.8501952291,-0.0374272168
0.8650320172,-0.0479351468
0.8768226504,-0.0234783813
0.8572377563,-0.0430173576
0.8493920565,-0.0455231816
0.8643169403,-0.0444348752
0.8475626707,-0.0223699287
0.8333643079,-0.0872037113
0.8159575462,-0.0749735087
0.8204637170,-0.1054245755
0.8192558289,-0.0687265098
0.8007556200,-0.1045556217
0.8593935370,-0.0760476217
0.8546262980,-0.0321178772
0.8492433429,-0.0291615091
0.8681657910,0.0621006452
0.8264384270,0.0448735245
0.8556514382,0.0013421840
0.5000000000,0.0000000000
0.5000000000,0.0000000000
0.5000000000,0.0000000000
0.5000000000,0.0000000000
0.5000000000,0.0000000000
0.0000000000,-1.5000000000
0.0000000000,-1.5000000000
0.0000000000,-1.5000000000
0.0000000000,-1.5000000000
0.0000000000,-1.5000000000
0.0000000000,-1.5000000000
0.0000000000,-1.5000000000
0.0000000000,-1.5000000000
0.0000000000,-1.5000000000
0.0000000000,-1.5000000000
0.0000000000,-1.5000000000
0.0000000000,-1.5000000000
0.0000000000,-1.5000000000
0.0000000000,-1.5000000000
0.0000000000,-1.5000000000
0.0000000000,-1.5000000000
0.0000000000,-1.5000000000
0.0000000000,-1.5000000000
0.0000000000,-1.5000000000
0.0000000000,-1.5000000000
0.0000000000,-1.5000000000
0.0000000000,-1.5000000000
0.0000000000,-1.5000000000
0.0000000000,-1.5000000000
0.0000000000,-1.5000000000
0.0000000000,-1.5000000000
0.0000000000,-1.5000000000
0.0000000000,-1.5000000000
0.0000000000,-1.5000000000
0.0000000000,-1.5000000000
0.0000000000,-1.5000000000
0.0000000000,-1.5000000000
0.0000000000,-1.5000000000
0.0000000000,-1.5000000000
0.0000000000,-1.5000000000
0.0000000000,-1.5000000000
0.0000000000,-1.5000000000
0.0000000000,-1.5000000000
0.0000000000,-1.5000000000
0.0000000000,-1.5000000000
0.0000000000,-1.5000000000
0.0000000000,-1.5000000000
0.0000000000,-1.5000000000
0.0000000000,-1.5000000000
0.0000000000,-1.5000000000
0.0000000000,-1.5000000000
0.0000000000,-1.5000000000
0.0000000000,-1.5000000000
0.0000000000,-1.5000000000
0.0000000000,-1.5000000000
0.0000000000,-1.5000000000
0.0000000000,-1.5000000000
0.0000000000,-1.5000000000
0.0000000000,-1.5000000000
0.0000000000,-1.5000000000
0.0000000000,-1.5000000000
0.0000000000,-1.5000000000
0.0000000000,-1.5000000000
0.0000000000,-1.5000000000
0.0000000000,-1.5000000000
0.0000000000,-1.5000000000
0.0000000000,-1.5000000000
0.0000000000,-1.5000000000
0.0000000000,-1.5000000000
0.0000000000,-1.5000000000
0.0000000000,-1.5000000000
0.0000000000,-1.5000000000
0.0000000000,-1.5000000000
0.0000000000,-1.5000000000
0.0000000000,-1.5000000000
0.0000000000,-1.5000000000
0.0000000000,-1.5000000000
0.0000000000,-1.5000000000
0.0000000000,-1.5000000000
0.0000000000,-1.5000000000
0.0000000000,-1.5000000000
0.0000000000,-1.5000000000
0.0000000000,-1.5000000000
0.0000000000,-1.5000000000
0.0000000000,-1.5000000000
0.0000000000,-1.5000000000
0.0000000000,-1.5000000000
0.0000000000,-1.5000000000
0.0000000000,-1.5000000000
0.0000000000,-1.5000000000
0.0000000000,-1.5000000000
0.0000000000,-1.5000000000
0.5000000000,0.0000000000
0.5000000000,0.0000000000
0.5000000000,0.0000000000
0.5000000000,0.0000000000
0.5000000000,0.0000000000
0.5000000000,0.0000000000
0.5000000000,0.0000000000
0.5000000000,0.0000000000
0.5000000000,0.0000000000
0.5000000000,0.0000000000
0.5000000000,0.0000000000
0.5000000000,0.0000000000
0.5000000000,0.0000000000
0.5000000000,0.0000000000
0.5000000000,0.0000000000
0.5000000000,0.0000000000
0.5000000000,0.0000000000
0.5000000000,0.0000000000
0.5000000000,0.0000000000
0.5000000000,0.0000000000
0.5000000000,0.0000000000
0.5000000000,0.0000000000
0.5000000000,0.0000000000
0.5000000000,0.0000000000
0.5000000000,0.0000000000
0.5000000000,0.0000000000
0.5000000000,0.0000000000
0.5000000000,0.0000000000
0.5000000000,0.0000000000
0.5000000000,0.0000000000
0.5000000000,0.0000000000
0.5000000000,0.0000000000
0.5000000000,0.0000000000
0.5000000000,0.0000000000
0.5000000000,0.0000000000
