0.8509596717,-0.1490403283
0.8980031205,-0.1019968795
0.9473353381,-0.0526646619
0.9877597735,0.0122402265
0.9385789837,0.0614210163
0.8661510207,0.1338489793
0.7968969419,0.2031030581
0.7236746041,0.2763253959
0.6698231803,0.3301768197
0.6110851581,0.3889148419
0.5617752565,0.4382247435
0.5175342103,0.4824657897
0.4797094579,0.5202905421
0.4554638191,0.5445361809
0.3051025569,0.5178700686
0.2956331074,0.4447621107
0.2739857733,0.4996924698
0.2606736422,0.5204271078
0.3110844791,0.4817951918
0.2600558698,0.4890635312
0.2872469127,0.4230180085
0.2157044113,0.5121127367
0.2621554434,0.4605794251
0.1991299689,0.5101223588
0.2671523988,0.4553094208
0.2705383003,0.4756437838
0.3137813509,0.4647329450
0.3273715675,0.4978465438
0.2976065278,0.5358673334
0.3076986372,0.4800361991
0.3325376213,0.4970336258
0.3489170074,0.4627144933
0.3825020194,0.4053162932
0.3868053854,0.4649505913
0.3196573257,0.4778897166
0.3700659573,0.4246160388
0.3591822386,0.4483830035
0.3455630541,0.4424175322
0.3665298820,0.4400177300
0.3742146492,0.4384611845
0.3947020173,0.3819110990
0.3510173261,0.4781157076
0.4219690561,0.4218706489
0.3962998092,0.4456286728
0.3850210607,0.4496194422
0.4298806787,0.3578776121
0.3845573068,0.4343880415
0.3900378644,0.4047240019
0.4118328989,0.4052389860
0.4083442986,0.3958486021
0.4575581253,0.3687005341
0.4594383836,0.3332289159
0.4807889760,0.3071978688
0.5241986513,0.2426562905
0.4428373575,0.2958698869
0.5251137018,0.2110681832
0.4809987843,0.1819274724
0.4903356731,0.0896273106
0.5373963714,0.0423959605
0.5102243423,0.0140638836
0.5433853269,-0.1426446885
0.5847437382,-0.1243645325
0.6186051369,-0.1511061341
0.6516445279,-0.0476108119
0.6123335958,-0.0534248911
0.6364704967,-0.1065002605
0.5546553135,-0.2303137779
0.5521221161,-0.1906281710
0.5779848099,-0.1895927489
0.7000000000,-0.1675594747
0.7000000000,-0.1558126062
0.7000000000,-0.1845177710
0.7000000000,-0.0309099238
0.7000000000,-0.0264579486
0.7000000000,-0.0542115979
0.7000000000,0.0947131962
0.7000000000,0.0786182582
0.7000000000,0.1908304244
0.7000000000,0.2116310298
0.7000000000,0.2674487829
0.4925136268,1.7679598331
0.5114206076,1.6302534342
0.5044289231,1.7646209002
0.4924782515,1.7957932949
0.5209504366,1.7044041157
0.4689610302,1.6831943989
0.5128840208,1.7196691036
0.4413733780,1.7011362314
0.4449819028,1.6691148281
0.4441178143,1.6754200459
0.6128406525,1.4975533485
0.5090920925,1.5979294777
0.5264999866,1.5487126112
0.6187773943,1.3664916754
0.7123719454,1.2659317255
0.7339757681,1.2545330524
0.7189134359,1.2152165174
0.7476217747,1.1540676355
0.7243321538,1.0948098898
0.6400346756,-0.0584468730
0.6700941324,-0.0097830882
0.6596223116,-0.0286680777
0.6485818028,0.0873445123
0.6638964415,0.0353062898
0.6779423952,0.0365142040
0.6435711384,0.0595896281
0.6776242852,0.0064342502
0.6521632671,0.0025935008
0.6267250776,-0.1152675524
0.5591402054,-0.2094642967
0.6609367728,-1.7299269438
0.5614060163,-1.6974450350
0.5456272364,-1.7544454336
0.4839328229,-1.7237696648
0.4351794124,-1.5414191484
0.4106707573,-1.6789815426
0.3919475377,-1.5597453117
0.3890062869,-1.4724705219
0.4295229316,-1.7699508667
0.4393298626,-1.6163735390
0.3887384534,-1.4154590368
0.3849268556,-1.3872556686
0.3520484865,-1.5338473320
0.4293682575,-1.5690973997
0.4386416674,-1.5914559364
0.4612176120,-1.5550012589
0.6966145635,-1.4904905558
0.7038303614,-1.5107430220
0.7126243114,-1.4428510666
0.6978163123,-1.4526562691
0.6450611949,-0.0041148304
0.7000000000,-0.0478105843
0.7000000000,-0.0723307505
0.7000000000,0.0318354666
0.7000000000,0.0207204632
0.7000000000,0.0425991155
0.7000000000,0.1147757098
0.7000000000,0.2276426554
0.7000000000,0.2222958654
0.7000000000,0.2839892805
0.7000000000,0.2478945851
0.7000000000,0.2814488411
0.4860622287,1.7930575609
0.4605923891,1.6197501421
0.4656749666,1.6512658596
0.4056155682,1.5436067581
0.5030519366,1.7379574776
0.4274128973,1.7168105841
0.4683122635,1.7156413794
0.4388377666,1.7396923304
0.4763608575,1.6761831045
0.4404928386,1.6295746565
0.4062963724,1.6563941240
0.5030055046,1.5698926449
0.5178722143,1.5478810072
0.4381305277,1.4695353508
0.5696593523,1.4842234850
0.6295533776,1.2994925976
0.7377342582,1.2537615299
0.7507746816,1.1288268566
0.7534166574,1.1354773045
0.6594834924,-0.0495776683
0.6166321635,-0.0062728678
0.6210181117,0.0813553259
0.6097747684,0.0933586434
0.5962660909,0.0997149795
0.6026536822,0.1486501247
0.6148853302,0.1115775928
0.6190848947,0.0751385689
0.6412636042,0.0919645503
0.6644615531,0.0459494665
0.6376960278,0.0568978712
0.6487264633,-0.0096541224
0.6114699244,-0.1389450133
0.5750854611,-0.2190076858
0.6360689998,-1.7287352085
0.5589947701,-1.7686617374
0.6232542396,-1.7561547756
0.3759579360,-1.6183744669
0.4233976007,-1.5625525713
0.4567251205,-1.6527084112
0.4379136562,-1.6515816450
0.4596812129,-1.6880570650
0.3801477551,-1.5546257496
0.4709423780,-1.4954490662
0.4432529509,-1.5183955431
0.3309152126,-1.4500420094
0.4459115267,-1.4891593456
0.4760596454,-1.5913751125
0.5017233491,-1.5817556381
0.4940623045,-1.5873612165
0.5732533932,-1.5826473236
0.6764970422,-1.5384616852
0.7301529050,-1.3971062899
0.7274061441,-1.4000841379
0.7000000000,0.0957344174
0.7000000000,-0.0121405004
0.7000000000,0.0793832093
0.7000000000,0.1368920058
0.7000000000,0.1502304971
0.7000000000,0.1494929194
0.7000000000,0.1919884086
0.7000000000,0.2474352121
0.7000000000,0.2084056139
0.7000000000,0.3094231486
0.7000000000,0.2459042519
0.5307346582,1.8619588614
0.5059900284,1.7739206553
0.4880095720,1.7623147964
0.5275273323,1.7542533875
0.4999248683,1.7198847532
0.5206934810,1.6919916868
0.4060716033,1.6406813860
0.5072520375,1.6842360497
0.5056376457,1.7040438652
0.4548071027,1.6447879076
0.4473622441,1.6355279684
0.5102260709,1.6180496216
0.5290328264,1.5651075840
0.5113722682,1.4467757940
0.5608772635,1.4900954962
0.6846926212,1.2898432016
0.7001733184,1.2616108656
0.7282000184,1.1510304213
0.7728017569,1.1268055439
0.6373156905,-0.0371569730
0.6441352963,-0.0633660853
0.6235592365,0.0587532260
0.4885521829,0.0668467507
0.5862965584,0.0958017185
0.6134405732,0.1643425971
0.6231850982,0.0955263600
0.6299216747,0.0740232319
0.6561908126,0.0317681283
0.5637007356,0.0801343396
0.6716871262,-0.0036138017
0.6263535619,-0.1258769780
0.5557041764,-0.2048593313
0.6668002605,-1.6774717569
0.6293542981,-1.7037718296
0.6150966883,-1.7347472906
0.4558312595,-1.6136876345
0.3925199509,-1.5188922882
0.3741832972,-1.5459330082
0.4373001158,-1.4705630541
0.3997307420,-1.6870861053
0.4239988923,-1.5227189064
0.4534850717,-1.4866118431
0.4459378421,-1.4665073156
0.4197948575,-1.4747576714
0.3877851665,-1.3891282082
0.4688824415,-1.6111232042
0.5408598185,-1.5715851784
0.5718615055,-1.5818865299
0.5950588584,-1.5712196827
0.7083148360,-1.4695554972
0.6973315477,-1.4953658581
0.6193569303,-1.2895587683
0.7000000000,-0.0655181706
0.7000000000,0.0041272580
0.7000000000,0.1314473748
0.7000000000,0.1541898996
0.7000000000,0.0765486732
0.7000000000,0.1840540320
0.7000000000,0.2532121539
0.7000000000,0.2186487466
0.7000000000,0.2177182585
0.7000000000,0.2835612297
0.7000000000,0.2850965858
0.4749090672,1.7918144464
0.5004686713,1.7628695965
0.5347059965,1.7557630539
0.4822758436,1.7149004936
0.5081829429,1.6742352247
0.4548845589,1.4856506586
0.4936079085,1.7266675234
0.4935151041,1.6298257113
0.4802011549,1.7050219774
0.4971211553,1.5837870836
0.4894933999,1.5276572704
0.5448109508,1.4441270828
0.5658401847,1.4571608305
0.5776404738,1.4055784941
0.7043848038,1.3505902290
0.7561087012,1.2458945513
0.7198026180,1.2663091421
0.7166541219,1.2467652559
0.7579404712,1.1515960693
0.6740763187,-0.0623467043
0.6743357778,0.0190751981
0.6836115718,0.0004474373
0.6676614881,0.0358561650
0.6486989856,0.0266637858
0.6615073681,0.0179370735
0.6714308262,0.0393562503
0.6305786371,0.0202759188
0.6279354095,0.0639742613
0.6371473670,0.0690734610
0.6521936059,0.0918875337
0.6034422517,0.0774968863
0.6456387043,0.0704886317
0.6368429065,0.0563691556
0.6129968762,0.1068553180
0.6171305776,0.1352597177
0.6134799123,0.0944895148
0.6497282982,0.0577454492
0.6017996669,0.1053749770
0.6674399972,0.0606215671
0.6620223522,0.0670568272
0.6431844234,0.0114713544
0.5969679952,0.0616271235
0.6651679873,0.0665661246
0.6540570855,-0.0125875631
0.6616880894,0.0005410963
0.8017417192,0.0517839193
0.8126986623,0.0800495818
0.8551608920,-0.0077290838
0.8399742246,0.1096480787
0.8406014442,0.0884573013
0.7763580680,0.1814761460
0.7413235307,0.1780353636
0.7851047516,0.1568420231
0.7705305815,0.0536181219
0.8534667492,0.0374052897
0.8686320186,0.0182820447
0.8550198078,0.0284808446
0.7924305201,0.0987935290
0.8264683485,-0.1087125316
0.5865594745,-0.3214804828
0.4879115820,-1.7582879066
0.5261024833,-1.6464508772
0.5008081198,-1.7381938696
0.4563792050,-1.7168501616
0.3395848572,-1.6137784719
0.4017381966,-1.5336138010
0.4492423236,-1.5402230024
0.3148382902,-1.5474586487
0.3804591596,-1.7743334770
0.3887197971,-1.5406810045
0.4193539321,-1.6873874664
0.3449133635,-1.4139554501
0.3333500624,-1.5512655973
0.4818566740,-1.5727117062
0.5209484100,-1.6008651257
0.4597497582,-1.5414834023
0.5830113292,-1.5629420280
0.6502833366,-1.5598499775
0.6627061367,-1.5283489227
0.6977791190,-1.4626046419
0.6502619386,-0.0768703371
0.6527318358,-0.0642243326
0.6362075806,-0.0617623776
0.6489976645,-0.0915387645
0.6364406943,-0.0681282505
0.6626322865,-0.0630278885
0.6480162740,-0.0951763988
0.6539787054,-0.0914446265
0.6327234507,-0.1311236173
0.6286600232,-0.0974348709
0.6352924705,-0.1065213531
0.6503553987,-0.1011643559
0.5859516263,-0.1688583642
0.6509966850,-0.0918170810
0.6427389383,-0.0595955439
0.6582714319,-0.0523063168
0.8634756804,-0.0393561907
0.8499125838,0.0092090778
0.8661903739,-0.0016774009
0.8408477902,-0.0496778674
0.8546924591,-0.0378176346
0.7598038912,0.0015259850
0.8436853290,-0.0653921366
0.8086177707,-0.1540490985
0.7892879844,-0.1703308672
0.8366525769,-0.1336833984
0.8381763697,-0.0846130699
0.8623884916,-0.0513556898
0.8604952097,-0.0374526568
0.8612288237,0.0110273184
0.7000000000,-0.0110483598
0.7000000000,-0.0498441122
0.7000000000,0.0162473843
0.7000000000,-0.0310412031
0.7000000000,-0.0181843396
0.7000000000,0.0078942087
0.7000000000,-0.0173704047
0.7000000000,-0.0137390047
0.7000000000,-0.0000318293
0.7000000000,0.0343510248
0.7000000000,0.0469265580
0.7671143413,1.5379253626
0.7634989023,1.4273644686
0.7593313456,1.3586313725
0.5726748109,1.2562083006
0.4834873080,1.4163894653
0.4350777566,1.1650742292
0.4359093010,0.9759497046
0.3554489613,1.2426122427
0.3434078693,1.1313129663
0.3816317916,0.9362583756
0.3280289471,0.9761698246
0.2974984646,1.2188360691
0.3207568824,1.3378511667
0.4167497754,1.5729811192
0.4355982840,1.6073029041
0.4229240417,1.6113065481
0.4869030714,1.5741105080
0.5196514726,1.5673538446
0.5098047256,1.5083487034
0.4172555804,0.3756981492
0.4246428609,0.3574002981
0.3891695142,0.4323872328
0.4291226566,0.4196947217
0.4265770018,0.3765099347
0.4563255012,0.3462855518
0.3907440305,0.4810472727
0.3720390797,0.3960742056
0.3979285061,0.3978982866
0.4299193025,0.3427329957
0.3427838683,0.4451531172
0.3686764836,0.5005955100
0.3349479139,0.4838396311
0.3270506263,0.4826139212
0.3867939711,0.4232888818
0.3744938970,0.4372502565
0.3610850573,0.4823490083
0.4259064794,0.3528331816
0.4170527458,0.3944721818
0.3825241625,0.3680168688
0.3441868126,0.4216823280
0.4297761321,0.3867080212
0.4798913300,0.3357003927
0.3964998126,0.3605509996
0.4142148495,0.3616365492
0.4308148623,0.3624682426
0.4809512198,0.3401526213
0.4743257165,0.3380739987
0.5275794864,0.2360335588
0.5447310805,0.2448120713
0.6097500920,0.1640039384
0.5588967800,0.1362851411
0.6186200380,0.1365932971
0.6169378161,0.0804389417
0.5813996196,0.0571056716
0.6336820126,0.0657104850
0.6562205553,0.0116347736
0.6791682839,0.0332281329
0.6534006000,-0.0057870722
0.6128593683,-0.0201484412
0.6539159417,-0.0443636924
0.6137848496,-0.0849906355
0.6125243306,-0.1170321479
0.8263733983,-0.0953597873
0.8154824972,-0.1231191978
0.7348856926,-0.2250148356
0.7540547252,-0.1995874941
0.7109698057,-0.0965881273
0.7942726612,-0.1775112599
0.7762586474,-0.2177787423
0.7713513374,-0.2289676517
0.7596001029,-0.1918710172
0.7330431938,-0.1721943170
0.7682468295,-0.2182188779
0.7907439470,-0.1571210921
0.7896370292,-0.0962455049
0.8188520670,-0.0981406942
0.7946616411,-0.1320127696
0.7970849872,-0.1482107788
0.8197286129,-0.1535197496
0.8473193049,-0.0520358086
0.8360221386,-0.0843565613
0.8502979279,-0.0754325166
0.8434568644,-0.0625350177
0.8586242795,-0.0476463959
0.8522001505,-0.0624890924
0.8598434925,-0.0601422898
0.8755962849,-0.0033268514
0.8565596342,-0.0495179705
0.7957870364,-0.0382962339
0.8541082144,-0.0945328772
0.8647198677,-0.0733277500
0.8718804717,-0.0640690774
0.8370167017,-0.0602786876
0.8593654037,-0.0541593954
0.8607652783,-0.0873252898
0.8447517157,-0.0915722474
0.8490265012,-0.0739564821
0.8431862593,-0.0447620116
0.8371505141,-0.1014393270
0.8524512053,-0.0972439870
0.8820138574,-0.0509598590
0.8703170419,-0.0704623684
0.8758244514,-0.0578125864
0.8430384398,-0.0395545252
0.8657559752,-0.0661710501
0.8342446685,-0.0351914614
0.8479725122,-0.0531670488
0.8521599174,-0.0652792826
0.8833178282,-0.0257529393
0.8662735224,-0.0187045075
0.8211237788,-0.0146247866
0.8878964186,0.0159834549
0.8963045478,-0.0039321249
0.8580551744,-0.0180301387
0.8373277783,0.0288099926
0.8756792545,-0.0072251428
0.8858286738,0.0055694440
0.8650935292,0.0264251344
0.8594279289,0.0442767404
0.8683753014,-0.0170450490
0.8474932313,0.0920706019
0.8459655046,0.0738419294
0.8564705253,0.0408530496
0.8569648266,0.0174939912
0.8512869477,0.0502143726
0.8763098121,0.0502781011
0.8365373015,0.0809848979
0.8578699827,0.0567666106
0.8552891612,0.0838622078
0.8458457589,0.0952867568
0.8459975719,0.0395977832
0.8508408070,0.0082822880
0.8695669174,0.0181639995
0.8742745519,0.0012963129
0.8746331930,0.0035851446
0.8611648083,0.0183359087
0.8471345901,0.0730404258
0.8434719443,0.0186495464
0.8442500830,0.0235483255
0.8520372510,0.0415495038
0.8777471185,0.0351322740
0.8766818047,0.0568144731
0.8806985617,0.0235072207
0.8932996988,0.0121634863
0.8544134498,-0.0094791083
0.8878574371,-0.0039120684
0.8688285351,-0.0174851120
0.8579080701,0.0194818322
0.8877742887,-0.0122171454
0.8639168739,-0.0248307828
0.8830059171,-0.0125710368
0.8951427937,-0.0090043191
0.8884472251,-0.0221221074
0.8814362884,-0.0091392370
0.8782084584,-0.0326072276
0.8866272569,-0.0335597321
0.8672872186,-0.0473793261
0.8339253068,-0.0688346773
0.8618129492,-0.0294139236
0.8731397390,-0.0111729810
0.8859480023,-0.0336807221
0.8744356632,-0.0535936058
0.8730270267,-0.0388177037
0.8573490977,0.0155423088
0.8709414601,0.0077113090
0.8771154881,-0.0374596342
0.8659333587,-0.0036509272
0.8660742044,0.0374591611
0.8119878173,0.0269245170
0.8716782928,-0.0302887429
0.8069626093,0.0483800508
0.7975065112,-0.0180848613
0.8189200163,-0.1315205246
0.8043645620,-0.1320493370
0.8051913977,-0.1011308059
0.8212921023,-0.0555192158
0.8316466808,-0.0383937582
0.8314277530,-0.0616421215
0.8393242359,-0.0519655012
0.7663847804,-1.5574648380
0.7856969833,-1.4879550934
0.6974064708,-1.3614909649
0.6148024201,-1.2419619560
0.5977477431,-1.1502416134
0.4587102830,-1.1165168285
0.4056445360,-1.2454292774
0.4282588363,-1.2701597214
0.4138301909,-1.3756833076
0.3721295297,-1.5679281950
0.3154595196,-1.4777365923
0.2876677513,-1.4646718502
0.3391801417,-1.6265641451
0.3757534325,-1.6723141670
0.3564716876,-1.7202347517
0.4132952690,-1.7029938698
0.3923674822,-1.7362937927
0.4831192195,-1.7328155041
0.4700019062,-1.6830670834
0.5456972122,-1.6264346838
0.4516193867,-0.3173199296
0.5239891410,-0.2348210663
0.5383492112,-0.2044734657
0.4800333679,-0.3113383949
0.4875040948,-0.2947243750
0.4678820074,-0.3276106119
0.4622021317,-0.3131652772
0.4752145112,-0.2984279990
0.5027206540,-0.2536108196
0.5096952915,-0.2719291449
0.5311416984,-0.2576705217
0.5673069358,-0.2247253358
0.5398172736,-0.2651897967
0.5625752807,-0.2297959775
0.5398871303,-0.2170423418
0.5556430221,-0.1834111661
0.5629262328,-0.2159502804
0.5907681584,-0.1912569404
0.5679789782,-0.2020264864
0.7935044169,-0.1965896785
0.7885347009,-0.1743476838
0.8077266216,-0.1451906860
0.7976642847,-0.1458389908
0.8175321221,-0.0562840849
0.8240902424,-0.0485887639
0.7943110466,0.1327989250
0.8342593908,0.1183930635
0.8018980622,0.1223299056
0.7562919259,0.1827161312
0.8497709632,0.0846010596
0.8312085271,0.0819148049
0.8689244986,0.0515374132
0.8353741169,0.0656095222
0.8592416644,0.0207364354
0.8398574591,-0.0754186288
0.7762727737,-0.2194751948
0.5000000000,0.0000000000
0.5000000000,0.0000000000
0.5000000000,0.0000000000
0.5000000000,0.0000000000
0.5000000000,0.0000000000
0.0000000000,-1.5000000000
0.0000000000,-1.5000000000
0.0000000000,-1.5000000000
0.0000000000,-1.5000000000
0.0000000000,-1.5000000000
0.0000000000,-1.5000000000
0.0000000000,-1.5000000000
0.0000000000,-1.5000000000
0.0000000000,-1.5000000000
0.0000000000,-1.5000000000
0.0000000000,-1.5000000000
0.0000000000,-1.5000000000
0.0000000000,-1.5000000000
0.0000000000,-1.5000000000
0.0000000000,-1.5000000000
0.0000000000,-1.5000000000
0.0000000000,-1.5000000000
0.0000000000,-1.5000000000
0.0000000000,-1.5000000000
0.0000000000,-1.5000000000
0.0000000000,-1.5000000000
0.0000000000,-1.5000000000
0.0000000000,-1.5000000000
0.0000000000,-1.5000000000
0.0000000000,-1.5000000000
0.0000000000,-1.5000000000
0.0000000000,-1.5000000000
0.0000000000,-1.5000000000
0.0000000000,-1.5000000000
0.0000000000,-1.5000000000
0.0000000000,-1.5000000000
0.0000000000,-1.5000000000
0.0000000000,-1.5000000000
0.0000000000,-1.5000000000
0.0000000000,-1.5000000000
0.0000000000,-1.5000000000
0.0000000000,-1.5000000000
0.0000000000,-1.5000000000
0.0000000000,-1.5000000000
0.0000000000,-1.5000000000
0.0000000000,-1.5000000000
0.0000000000,-1.5000000000
0.0000000000,-1.5000000000
0.0000000000,-1.5000000000
0.0000000000,-1.5000000000
0.0000000000,-1.5000000000
0.0000000000,-1.5000000000
0.0000000000,-1.5000000000
0.0000000000,-1.5000000000
0.0000000000,-1.5000000000
0.0000000000,-1.5000000000
0.0000000000,-1.5000000000
0.0000000000,-1.5000000000
0.0000000000,-1.5000000000
0.0000000000,-1.5000000000
0.0000000000,-1.5000000000
0.0000000000,-1.5000000000
0.0000000000,-1.5000000000
0.0000000000,-1.5000000000
0.0000000000,-1.5000000000
0.0000000000,-1.5000000000
0.0000000000,-1.5000000000
0.0000000000,-1.5000000000
0.0000000000,-1.5000000000
0.0000000000,-1.5000000000
0.0000000000,-1.5000000000
0.0000000000,-1.5000000000
0.5000000000,0.0000000000
0.5000000000,0.0000000000
0.5000000000,0.0000000000
0.5000000000,0.0000000000
0.5000000000,0.0000000000
0.5000000000,0.0000000000
0.5000000000,0.0000000000
0.5000000000,0.0000000000
0.5000000000,0.0000000000
0.5000000000,0.0000000000
0.5000000000,0.0000000000
0.5000000000,0.0000000000
0.5000000000,0.0000000000
0.5000000000,0.0000000000
0.5000000000,0.0000000000
0.5000000000,0.0000000000
0.5000000000,0.0000000000
0.5000000000,0.0000000000
0.5000000000,0.0000000000
0.5000000000,0.0000000000
0.5000000000,0.0000000000
0.5000000000,0.0000000000
0.5000000000,0.0000000000
0.5000000000,0.0000000000
0.5000000000,0.0000000000
0.5000000000,0.0000000000
0.5000000000,0.0000000000
