1.3280645760,-0.1146236160
1.2514832470,-0.1656778354
1.1939108907,-0.2040594062
1.0782816881,-0.2811455413
0.9954231015,-0.3363845990
0.8987551157,-0.4008299228
0.7833275336,-0.4777816443
0.7332206668,-0.5111862221
0.6937869596,-0.5374753603
0.6762890801,-0.5491406133
0.6831342609,-0.5445771594
0.7024318731,-0.5317120846
0.6595956512,-0.5602695658
0.7685811797,-0.4876125469
0.8520530262,-0.4319646492
0.9399472739,-0.3733684841
1.0589747448,-0.2940168368
1.1458929963,-0.2360713358
1.3911555844,-0.0725629437
1.3682529679,0.0878313548
1.1413258456,0.2391161029
0.9255965792,0.3829356138
0.8125668800,0.4582887467
0.7690471638,0.4873018908
0.7137542407,0.5241638395
0.6756515823,0.5495656118
0.6356914743,0.5762056838
0.5949270889,0.6033819407
0.3950117230,-1.1618663073
0.4063412249,-1.2277067900
0.4897479713,-1.1299200058
0.4694035947,-1.3835135698
0.4989984035,-1.1188189983
0.5050156116,-1.3304301500
0.4633636773,-1.6678075790
0.5462725163,-1.4927701950
0.6458404064,-1.3966449499
0.5458421707,-1.5348308086
0.6022318602,-1.4801262617
0.7118820548,-1.4832980633
0.7414444089,-1.4667346478
0.7000000000,0.0291835163
0.7000000000,0.0378613584
0.7000000000,0.1663199514
0.7000000000,0.2393273115
0.7000000000,0.3283355534
0.7000000000,0.2643864751
0.7000000000,0.1287600994
0.7000000000,0.1236200780
0.7000000000,0.0780203864
0.7000000000,0.1933025271
0.7000000000,0.2622859180
0.5538302064,1.7668697834
0.5330246091,1.7280319929
0.4611447453,1.5126999617
0.5116860867,1.6706762314
0.4583297968,1.5312663317
0.4592342973,1.6257026196
0.4858853817,1.6411064863
0.5211634636,1.5949007273
0.7159662843,1.4202845097
0.6542122364,1.4616230726
0.6633093953,1.4410293102
0.6752409339,1.3076227903
0.7294435501,1.2553530931
0.7655357718,1.2397501469
0.7463871837,1.2469061613
0.7779638767,1.2044905424
0.7561429739,1.1073981524
0.7202641964,1.0233080387
0.7068325877,0.9623531103
0.6876511574,0.8841529489
0.6415320039,0.8191533089
0.5762320161,0.7660111785
0.5290197134,0.7285044193
0.4133161902,0.6400105953
0.2847944796,-0.2688985467
0.2924172580,-0.3914474249
0.3279830813,-0.3347531259
0.3757832646,-0.3439003229
0.4062781334,-0.3609881997
0.3704965413,-0.2367549688
0.3415051401,-0.3255404234
0.4180343747,-0.2790318131
0.3535503745,-0.3783832192
0.4284690320,-0.3341323137
0.4578217268,-0.2921178043
0.4608374834,-0.2608639896
0.5073317885,-0.2530716658
0.4171035588,-0.3113055825
0.4894254804,-0.2369974852
0.5149387121,-0.2380026579
0.4204591513,-0.2277959883
0.5474695563,-0.2713496983
0.5206175447,-0.2792521417
0.4954589903,-0.2417423725
0.5894342065,-0.1789378077
0.5943647623,-0.1544941515
0.6318942904,-0.1006658971
0.8418524265,-0.1237965301
0.8497242332,-0.1110557988
0.8492197394,-0.0321959890
0.8374584913,-0.0136601822
0.8625393510,0.0191296469
0.8043829799,0.0986469686
0.8120477796,0.1251128167
0.8000031114,0.0935942233
0.8062114716,0.0966236442
0.7935671210,0.1376838237
0.8361626863,0.1136936694
0.8042913079,0.1707749963
0.7796066403,0.1365237087
0.8447467685,0.0897030830
0.8656384945,0.0552190430
0.7770622373,-0.0283885077
0.8254055977,-0.0863368362
0.7762910724,-0.1887812614
0.6069605947,-1.7276953459
0.4257805645,-1.7204862833
0.3666151166,-1.6548935175
0.3507603407,-1.4811524153
0.4021907151,-1.4487452507
0.3835166395,-1.3679758310
0.2853588760,-1.3715589046
0.3443011343,-1.4974787235
0.4356206059,-1.4809859991
0.4198140800,-1.5696535110
0.4318580925,-1.4341614246
0.4100664854,-1.3934338093
0.4538302720,-1.6197071075
0.4608871639,-1.5667020082
0.4526474774,-1.5821402073
0.4266369939,-1.4929686785
0.6583835483,-1.5632296801
0.6387223005,-1.4625076056
0.7157657743,-1.4758738279
0.7482530475,-1.3930960894
0.6913338304,-0.0040863887
0.6547144055,0.0075059659
0.6731401682,-0.0080373622
0.6521781087,-0.0277108699
0.6687375903,-0.0433098935
0.6378856301,-0.0390160382
0.5905194283,-0.0366741382
0.6400650144,-0.0469761975
0.6589032412,-0.0374223478
0.6461208463,-0.0423969515
0.6532681584,-0.0647551641
0.6240950823,-0.1074782982
0.6472611427,-0.0577117056
0.6518806219,-0.0453142412
0.6603748202,-0.0689323694
0.8513371348,-0.0353419073
0.8751690984,-0.0079558473
0.8812485933,0.0038203627
0.8522796631,0.0017875026
0.8520045280,-0.0340440981
0.7435659766,0.0547702387
0.8223925233,-0.1039522812
0.7833841443,-0.1676835120
0.7964918613,-0.2136243433
0.8068819046,-0.1860764325
0.8479477763,-0.0575573705
0.7856292129,-0.1508698165
0.8452833891,-0.0757282972
0.8715341091,-0.0273919050
0.7000000000,0.0050511556
0.7000000000,-0.0022024165
0.7000000000,-0.0048220255
0.7000000000,-0.0109821390
0.7000000000,0.0030215932
0.7000000000,0.0184864085
0.7000000000,0.0178669356
0.7000000000,0.0260526557
0.7000000000,0.0322514214
0.7000000000,0.0317576081
0.7000000000,0.0557620674
0.7194629908,1.5452041626
0.7695633173,1.3931611776
0.7520750165,1.3637166023
0.5014501214,1.3179888725
0.4660950899,1.4246178865
0.3893762231,1.4802631140
0.4125359356,1.2420718670
0.3938700259,1.3448747396
0.3868355453,1.1723115444
0.3082721233,1.3014786243
0.2965974212,1.3028781414
0.3186400533,1.2432056665
0.4358636737,1.5246195793
0.4416934252,1.6251147985
0.4888642728,1.6341674328
0.5514823794,1.5462360382
0.5118998289,1.5051486492
0.5876835585,1.4491831064
0.5526093841,1.4395331144
0.5561701655,1.4756250381
0.6175068617,1.3708750010
0.6058222055,1.3156696558
0.6365379095,1.2856431007
0.6793022752,1.2029583454
0.5760834217,0.1990346164
0.5601595640,0.1732928306
0.5797461271,0.2126748860
0.5705858469,0.1850661039
0.5815377235,0.1968274117
0.6228031516,0.1447050422
0.6008398533,0.1289527863
0.6463655233,0.0619537570
0.6631948948,0.0336219333
0.6569639444,0.0193317514
0.6528535485,0.0270045791
0.6802515984,-0.0090278722
0.6640581489,-0.0047185863
0.6685157418,0.0334874466
0.6881998181,0.0319644250
0.6691451073,0.0405794159
0.6843200922,0.0074826228
0.6828678846,-0.0022291630
0.6610077620,0.0068059978
0.6618551612,-0.0130038233
0.6813853383,-0.0223377999
0.6789273620,-0.0119812870
0.6448528767,-0.0632118583
0.6523894072,-0.0273451172
0.6777576804,-0.0060288250
0.6764473915,-0.0152736204
0.6500914097,-0.0174622964
0.8236228228,0.0166362207
0.8701888323,-0.0390520506
0.8480213881,-0.0145617146
0.8034524322,-0.0920697376
0.8426442146,-0.0875704661
0.8063362837,-0.0623464584
0.8255633116,-0.0071751359
0.8145940900,-0.1375845671
0.8281614780,-0.1073328853
0.8265024424,-0.1174959764
0.8282705545,-0.0913541391
0.8017805219,-0.0731739029
0.8263799548,-0.0681917965
0.8687274456,-0.0246197823
0.8450713754,-0.0088974629
0.8191092014,-0.0497768968
0.8756257892,-0.0258100796
0.8477364182,-0.0531848371
0.8746784329,-0.0154682333
0.8803439140,-0.0123079559
0.8717058301,0.0048938412
0.8735408187,0.0423963331
0.8610178232,0.0626468137
0.8362214565,0.0360700153
0.8611472845,0.0356792733
0.8631223440,0.0193488188
0.8699182868,0.0404070877
0.8885068893,0.0032754785
0.8454702497,0.0147927459
0.8798223138,-0.0367957950
0.8793079853,-0.0224866364
0.8526852727,-0.0036289117
0.8514544368,-0.0019095950
0.8450340033,-0.0024454286
0.8513938189,-0.0294842012
0.8695783615,-0.0277503990
0.8834801912,-0.0255031604
0.8657487631,-0.0233544521
0.8675910234,-0.0203045104
0.8736234903,-0.0501666442
0.8406452537,-0.0284159798
0.8849585652,-0.0333231054
0.8781782389,-0.0374263898
0.8962408304,-0.0085560335
0.8724378347,-0.0057330271
0.8688121438,-0.0426483266
0.8478803635,-0.0070801461
0.8827186823,-0.0245618094
0.8892466426,-0.0223629642
0.8902514577,-0.0166202467
0.8769708872,-0.0251335390
0.8824203610,-0.0209943410
0.8566298485,-0.0163506325
0.8595208526,-0.0503402166
0.8494458795,-0.0678048059
0.8566587567,-0.0217177644
0.8431996703,0.0037289017
0.8415471315,-0.0136025390
0.8527016640,0.0064354776
0.8531934023,0.0234104022
0.8571615219,0.0217220951
0.8743628860,0.0133936340
0.8550041318,0.0276958514
0.8674007058,0.0263300631
0.8535220027,0.0422757640
0.8786693215,0.0149273807
0.8663018346,0.0166799091
0.8707251549,0.0083859293
0.8744203448,-0.0265037958
0.8769829273,0.0026275136
0.8592426777,-0.0000238827
0.8589479923,0.0148978839
0.8245010376,0.0246372707
0.8169578314,0.0205013398
0.8660588264,0.0104901176
0.8584171534,0.0327689722
0.8743013740,0.0296347793
0.8822131157,0.0236170571
0.8522501588,-0.0138535788
0.8861646056,-0.0344175585
0.8587725759,-0.0355956182
0.8869375587,-0.0285016410
0.8856843710,-0.0360949375
0.8647407889,0.0022643083
0.8856249452,-0.0047209738
0.8579797149,-0.0013101766
0.8560279012,-0.0030337158
0.8659516573,-0.0260377973
0.8659490943,-0.0432289578
0.8607723117,0.0005790297
0.8936001062,-0.0199674964
0.8628504872,-0.0490901209
0.8741714358,-0.0485192239
0.8916533589,-0.0192455407
0.8476715088,-0.0578230284
0.8651293516,-0.0066013345
0.8874634504,-0.0301274825
0.8728863597,-0.0201006941
0.8304265738,-0.0403091423
0.8741009235,-0.0360422693
0.8542997241,0.0223029852
0.8756675124,0.0362464078
0.8490805626,-0.0100586554
0.8307898641,0.0701873973
0.8705940247,-0.0517752990
0.8796829581,-0.0165354442
0.7111407518,0.1880027205
0.8435460925,0.0270973407
0.8742307425,0.0144453933
0.8095642924,-0.1272418946
0.8452923894,-0.0775685087
0.8562900424,-0.0665886775
0.8507636786,-0.0266031008
0.8437932134,-0.0742595196
0.8663164377,-0.0075195511
0.8616233468,-0.0379111879
0.8262447715,-0.0430773646
0.8362557292,-0.0493858755
0.8555647731,0.0078945030
0.8283428550,0.0265231598
0.8827070594,0.0105205392
0.8356658220,0.0750656053
0.8489301801,0.0273258947
0.8643895984,0.0306108911
0.8687894940,0.0679998249
0.8541523218,0.0818864852
0.8257647157,0.0776622146
0.8308209777,0.0822782591
0.8417944908,0.0697791204
0.8776113987,0.0168620422
0.8841084838,0.0001785252
0.8747295737,-0.0234116409
0.8447224498,0.0126941605
0.8498507738,0.0115537466
0.8665171862,0.0295070000
0.8895050287,0.0238175746
0.8894320130,0.0236686021
0.8965301514,0.0108468141
0.8376798034,0.0055200113
0.8472000957,0.0098859761
0.8821985126,0.0119585777
0.8614038825,0.0296538193
0.8612691760,-0.0156579260
0.8886879683,-0.0100873830
0.8305808306,-0.0201689042
0.8640272021,-0.0325328745
0.8700380325,-0.0058901776
0.8591172695,-0.0031417320
0.8480101228,-0.0150293503
0.8578090072,-0.0163254440
0.8841911554,-0.0281395577
0.8866251707,-0.0038629323
0.8843752146,0.0089198593
0.8802050948,-0.0143111898
0.8690904379,-0.0079575228
0.8767477274,0.0123554831
0.8504899740,0.0128920227
0.8832684755,-0.0002073911
0.8488693833,0.0004414204
0.8896794915,-0.0058649336
0.8760064840,-0.0187435802
0.8720665574,-0.0014388284
0.8732724190,-0.0065955152
0.8398400545,-0.0390603542
0.8833216429,-0.0090591395
0.8789764643,0.0001470739
0.8581918478,-0.0479999781
0.8699882627,-0.0367420912
0.8700589538,-0.0092429118
0.8500060439,-0.0341280438
0.8384746909,-0.0583023317
0.8771146536,-0.0452525318
0.8283566833,0.0073731556
0.8517626524,-0.0326421000
0.8497594595,-0.0383715369
0.8555281758,-0.0087848976
0.8803715706,-0.0272967350
0.8806646466,0.0270773321
0.8266647458,0.0315299593
0.8654812574,-0.0295987800
0.8368835449,-0.0459472202
0.8842408657,-0.0256990325
0.8769120574,-0.0389893986
0.8393914104,0.0460811481
0.8838512897,0.0063857348
0.8760241866,0.0457321294
0.8628359437,0.0878511593
0.8511546254,0.0340562500
0.7972211838,0.0707310215
0.8157179356,0.0590018854
0.7470834255,0.1472570449
0.7000000000,0.1660451889
0.7000000000,0.0764886290
0.7000000000,-0.0029659539
0.7000000000,0.0024243672
0.7000000000,0.2849270105
0.7000000000,0.2957958579
0.7000000000,0.3207355440
0.7000000000,0.2421083599
0.7000000000,0.2976570129
0.7000000000,0.0550886989
0.7000000000,0.2279212624
0.3752318621,1.9375833273
0.4033181965,1.8953268528
0.3870379627,1.9211244583
0.4075314999,1.8136030436
0.3568804860,1.7439460754
0.4368700087,1.7334357500
0.4757086039,1.7367105484
0.4734686315,1.5712105036
0.4073758423,1.4263164997
0.5393365622,1.6097546816
0.5506308079,1.5617595911
0.6351717710,1.5212731361
0.5428302884,1.4413628578
0.6373990774,1.4343595505
0.5294219255,1.4421889782
0.6541591287,1.2982357740
0.6365499496,1.3400090933
0.7760957479,1.1567493677
0.7542040348,1.0863680840
0.7367537618,0.9896048307
0.7287253737,0.9507433772
0.6646395922,0.8959180713
0.6404497623,0.8437556624
0.5383125544,0.7985550761
0.4757482409,-0.2529571652
0.4784856737,-0.2540972829
0.4440430403,-0.2487728745
0.3870156109,-0.2195909917
0.4442564249,-0.3163369298
0.4063878655,-0.3051558137
0.3880335987,-0.2682613134
0.3718738258,-0.2289032489
0.4523519278,-0.2436316907
0.3951010406,-0.2674049437
0.4512146711,-0.2526843548
0.5711031556,-0.2183722854
0.5044114590,-0.2354874462
0.5956890583,-0.1615950167
0.5830486417,-0.1752854735
0.6087957025,-0.1665419489
0.5542752743,-0.1777340025
0.6309279799,-0.1233547181
0.6167933345,-0.1252809614
0.6179751754,-0.1339366585
0.6405024529,-0.0879316255
0.6231833100,-0.0523714684
0.6460166574,-0.0585947037
0.6620067358,-0.0341853462
0.8828241229,-0.0256107599
0.8852472901,0.0403234921
0.8754515052,0.0490172654
0.8605781198,0.0363424085
0.8159754872,0.0338346362
0.8739222288,0.0552485026
0.8502608538,0.0316093825
0.8368761539,0.0717214718
0.8522540331,0.0505507365
0.8539691567,0.0669165105
0.8250257969,0.0853836015
0.8341537714,0.0735688210
0.8063046336,0.1219998002
0.8272374272,0.1143808067
0.8152058125,0.0974032953
0.8500854969,0.0889279842
0.8067510128,0.0419905111
0.8365214467,0.0844901949
0.8420105577,0.0968511179
0.7960761189,0.1230896637
0.8202964664,0.1371751875
0.7593091130,0.1380637437
0.8279743195,0.1139712930
0.7814947367,0.1497419924
0.7667647600,0.2144108564
0.8115807176,0.1445010900
0.7753376961,0.1197923943
0.8081212044,0.1147563532
0.8251733184,0.1191728935
0.8358504176,0.0848339722
0.8301461935,0.0893449187
0.8553183675,0.0688026175
0.8173933625,0.0316557102
0.8687939644,0.0273732394
0.8839253783,0.0001341095
0.8748208284,0.0387870111
0.8394230604,-0.0105589274
0.8583323359,0.0085549224
0.8874306083,-0.0178773347
0.8912765384,-0.0389936976
0.8388659954,-0.0392598249
0.8870441318,-0.0321508311
0.8625519872,-0.0594195724
0.8411265016,-0.0215395298
0.8651732802,-0.0357022434
0.8565176725,-0.0379005559
0.8498463631,-0.0663954690
0.8524364829,-0.0817589089
0.8748701811,-0.0542281680
0.8755133152,-0.0259088594
0.8734377027,-0.0709396228
0.8486576080,-0.0504221432
0.8049561977,-0.0501562059
0.8329542875,-0.0511132367
0.8619134426,-0.0597707927
0.8497845531,-0.0510343425
0.8385965228,-0.0941492245
0.8564061522,-0.0544876568
0.8431036472,-0.0069096973
0.8377178311,-0.0264324285
0.8777935505,-0.0401131213
0.8513526320,-0.0478319451
0.8592618108,-0.0454374775
0.8784446120,-0.0183055662
0.8453672528,-0.0274234116
0.8695492148,-0.0196823683
0.8365100622,-0.0289526805
0.5000000000,0.0000000000
0.5000000000,0.0000000000
0.5000000000,0.0000000000
0.5000000000,0.0000000000
0.5000000000,0.0000000000
0.0000000000,-1.5000000000
0.0000000000,-1.5000000000
0.0000000000,-1.5000000000
0.0000000000,-1.5000000000
0.0000000000,-1.5000000000
0.0000000000,-1.5000000000
0.0000000000,-1.5000000000
0.0000000000,-1.5000000000
0.0000000000,-1.5000000000
0.0000000000,-1.5000000000
0.0000000000,-1.5000000000
0.0000000000,-1.5000000000
0.0000000000,-1.5000000000
0.0000000000,-1.5000000000
0.0000000000,-1.5000000000
0.0000000000,-1.5000000000
0.0000000000,-1.5000000000
0.0000000000,-1.5000000000
0.0000000000,-1.5000000000
0.0000000000,-1.5000000000
0.0000000000,-1.5000000000
0.0000000000,-1.5000000000
0.0000000000,-1.5000000000
0.0000000000,-1.5000000000
0.0000000000,-1.5000000000
0.0000000000,-1.5000000000
0.0000000000,-1.5000000000
0.0000000000,-1.5000000000
0.0000000000,-1.5000000000
0.0000000000,-1.5000000000
0.0000000000,-1.5000000000
0.0000000000,-1.5000000000
0.0000000000,-1.5000000000
0.0000000000,-1.5000000000
0.0000000000,-1.5000000000
0.0000000000,-1.5000000000
0.0000000000,-1.5000000000
0.0000000000,-1.5000000000
0.0000000000,-1.5000000000
0.0000000000,-1.5000000000
0.0000000000,-1.5000000000
0.0000000000,-1.5000000000
0.0000000000,-1.5000000000
0.0000000000,-1.5000000000
0.0000000000,-1.5000000000
0.0000000000,-1.5000000000
0.0000000000,-1.5000000000
0.0000000000,-1.5000000000
0.0000000000,-1.5000000000
0.0000000000,-1.5000000000
0.0000000000,-1.5000000000
0.0000000000,-1.5000000000
0.0000000000,-1.5000000000
0.0000000000,-1.5000000000
0.0000000000,-1.5000000000
0.0000000000,-1.5000000000
0.0000000000,-1.5000000000
0.0000000000,-1.5000000000
0.0000000000,-1.5000000000
0.0000000000,-1.5000000000
0.0000000000,-1.5000000000
0.0000000000,-1.5000000000
0.0000000000,-1.5000000000
0.0000000000,-1.5000000000
0.0000000000,-1.5000000000
0.0000000000,-1.5000000000
0.0000000000,-1.5000000000
0.0000000000,-1.5000000000
0.0000000000,-1.5000000000
0.0000000000,-1.5000000000
0.0000000000,-1.5000000000
0.0000000000,-1.5000000000
0.5000000000,0.0000000000
0.5000000000,0.0000000000
0.5000000000,0.0000000000
0.5000000000,0.0000000000
0.5000000000,0.0000000000
0.5000000000,0.0000000000
0.5000000000,0.0000000000
0.5000000000,0.0000000000
0.5000000000,0.0000000000
0.5000000000,0.0000000000
0.5000000000,0.0000000000
0.5000000000,0.0000000000
0.5000000000,0.0000000000
0.5000000000,0.0000000000
0.5000000000,0.0000000000
0.5000000000,0.0000000000
0.5000000000,0.0000000000
0.5000000000,0.0000000000
0.5000000000,0.0000000000
0.5000000000,0.0000000000
0.5000000000,0.0000000000
0.5000000000,0.0000000000
