0.00e+00 7.85e-01
0.00e+00 7.85e-01
1.00e+00 7.85e-01
1.00e+00 7.85e-01
1.00e+00 0.00e+00
1.00e+00 0.00e+00
1.00e+00 0.00e+00
1.00e+00 0.00e+00
1.00e+00 0.00e+00
1.00e+00 0.00e+00
1.00e+00 0.00e+00
1.00e+00 0.00e+00
1.00e+00 0.00e+00
1.00e+00 0.00e+00
1.00e+00 0.00e+00
1.00e+00 0.00e+00
1.00e+00 0.00e+00
1.00e+00 0.00e+00
0.00e+00 -7.85e-01
0.00e+00 -7.85e-01
0.00e+00 -7.85e-01
0.00e+00 -7.85e-01
1.00e+00 0.00e+00
1.00e+00 0.00e+00
1.00e+00 0.00e+00
1.00e+00 0.00e+00
1.00e+00 0.00e+00
1.00e+00 0.00e+00
1.00e+00 0.00e+00
1.00e+00 0.00e+00
1.00e+00 0.00e+00
1.00e+00 0.00e+00
1.00e+00 0.00e+00
1.00e+00 0.00e+00
0.00e+00 -7.85e-01
0.00e+00 -7.85e-01
1.00e+00 0.00e+00
1.00e+00 0.00e+00
